Valor Objetivo:410.95530534320653
Runtime:4.371021270751953
Gap:0.0
1_1_1_1_55_1.0
2_1_1_1_23_1.0
4_1_1_1_79_1.0
6_1_1_1_58_1.0
8_1_1_1_17_1.0
9_1_1_1_31_1.0
11_1_1_1_4_1.0
13_2_1_1_86_1.0
14_2_1_1_39_1.0
15_2_1_1_3_1.0
16_2_1_1_56_1.0
20_2_1_1_32_1.0
21_2_1_1_43_1.0
22_2_1_1_27_1.0
23_3_2_1_52_1.0
25_3_2_1_8_1.0
26_3_2_1_84_1.0
29_3_2_1_6_1.0
31_3_2_1_15_1.0
32_3_2_1_37_1.0
33_3_2_1_45_1.0
36_4_2_1_34_1.0
37_4_2_1_41_1.0
38_4_2_1_5_1.0
39_4_2_1_16_1.0
40_4_2_1_14_1.0
41_4_2_1_25_1.0
43_4_2_1_38_1.0
45_5_3_2_18_1.0
46_5_3_2_30_1.0
47_5_3_2_22_1.0
48_5_3_2_40_1.0
49_5_3_2_51_1.0
51_5_3_2_24_1.0
53_5_3_2_7_1.0
55_5_3_2_50_1.0
56_6_3_2_54_1.0
59_6_3_2_26_1.0
60_6_3_2_57_1.0
62_6_3_2_44_1.0
63_6_3_2_29_1.0
65_6_3_2_36_1.0
66_6_3_2_19_1.0
67_7_4_2_11_1.0
68_7_4_2_53_1.0
69_7_4_2_47_1.0
70_7_4_2_21_1.0
71_7_4_2_10_1.0
72_7_4_2_28_1.0
75_7_4_2_42_1.0
77_7_4_2_48_1.0
78_8_4_2_46_1.0
79_8_4_2_35_1.0
81_8_4_2_13_1.0
83_8_4_2_12_1.0
84_8_4_2_33_1.0
86_8_4_2_49_1.0
87_8_4_2_9_1.0
88_8_4_2_20_1.0
score_s_1_1_1_76.0
score_s_2_1_1_76.0
score_s_3_2_1_75.0
score_s_4_2_1_77.0
score_s_5_3_2_85.0
score_s_6_3_2_77.0
score_s_7_4_2_89.0
score_s_8_4_2_77.0
score_t_1_1_76.0
score_t_2_1_76.0
score_t_3_2_81.0
score_t_4_2_83.0
score_m_1_76.0
score_m_2_82.0
DURACION
9.0
8.0
9.0
3.0
10.0
14.0
9.0
11.0
9.0
11.0
5.0
14.0
3.0
10.0
3.0
8.0
9.0
12.0
15.0
10.0
9.0
14.0
13.0
15.0
7.0
3.0
8.0
13.0
4.0
12.0
10.0
7.0
11.0
11.0
7.0
6.0
15.0
3.0
5.0
5.0
9.0
12.0
14.0
13.0
8.0
12.0
9.0
7.0
12.0
15.0
4.0
9.0
6.0
13.0
7.0
13.0
14.0
9.0
11.0
8.0
14.0
14.0
5.0
15.0
10.0
6.0
11.0
9.0
5.0
11.0
3.0
12.0
12.0
13.0
8.0
9.0
8.0
7.0
8.0
15.0
4.0
12.0
9.0
5.0
11.0
12.0
3.0
6.0
VALOR
11.0
9.0
9.0
9.0
9.0
15.0
9.0
13.0
10.0
10.0
9.0
14.0
9.0
13.0
9.0
9.0
9.0
10.0
11.0
12.0
11.0
13.0
14.0
10.0
9.0
9.0
9.0
13.0
9.0
13.0
11.0
9.0
14.0
9.0
9.0
9.0
13.0
9.0
9.0
9.0
14.0
9.0
14.0
9.0
9.0
12.0
13.0
9.0
15.0
11.0
9.0
9.0
9.0
15.0
9.0
12.0
10.0
9.0
13.0
9.0
11.0
13.0
9.0
10.0
12.0
9.0
14.0
13.0
9.0
15.0
9.0
11.0
10.0
12.0
9.0
9.0
9.0
9.0
9.0
10.0
9.0
12.0
10.0
9.0
9.0
13.0
9.0
9.0
ESTRES
0.09799034948724616
0.12606381761764918
0.07564909612134829
0.0022723603441572315
0.12026419688873369
0.08700690067164485
0.0358354570438727
0.031101433986834293
0.18702208816003774
0.15914833761446967
0.0057224567768342505
0.04321157840202383
0.13081623408816279
0.13249793948083666
0.043913939371160504
0.14465728009310985
0.03386595001514914
0.08913686934409693
0.10182364191956594
0.10742804891098212
0.056390805966958335
0.07848586613623387
0.10552401800619482
0.1920913743343574
0.10161209494324952
0.06483295455976079
0.005182252257051934
0.03589541419244935
0.1694912582083382
0.061878939545193634
0.11446794299913898
0.10060897303292293
0.17845080931171142
0.156503900182554
0.1319003558641979
0.10586278786969017
0.15458284691479596
0.02377980826591486
0.11160683779832559
0.1627655206427091
0.0008851314832677426
0.1481334855245009
0.14077911216327088
0.014971231784049466
0.1036863990292255
0.1720467499449655
0.19945621056729224
0.16566097845002947
0.09089368769581707
0.1809622871873513
0.08884373279934021
0.08403452471879713
0.15723229441776632
0.08730077731300945
0.16932058076810186
0.17422691134037194
0.1893456707049309
0.0458437500107749
0.49162824801772265
0.4590458085785122
0.45541713333295186
0.4294278101994444
0.4792924543960251
0.48634331013656884
0.41688443833001365
0.41965056575637827
0.4669459446364488
0.4354659486881991
0.4535617289076602
0.42943978095920754
0.422452621151989
0.4842567884523149
0.410619654134866
0.4168754549571476
0.42349324181856995
0.4004087458826434
0.4355352187494438
0.4471767110648994
0.4041982682360805
0.4443323464398551
0.4392466823255573
0.4380427310078958
0.4985069783606979
0.4014779848488258
0.4523584117300984
0.40498920481227874
0.42544312494197367
0.49216123992864247
