Valor Objetivo:448.4490533750469
Runtime:4.352870225906372
Gap:0.0
2_1_1_1_26_1.0
5_1_1_1_12_1.0
6_1_1_1_56_1.0
7_1_1_1_24_1.0
10_1_1_1_25_1.0
11_1_1_1_18_1.0
13_2_1_1_49_1.0
14_2_1_1_7_1.0
15_2_1_1_51_1.0
16_2_1_1_46_1.0
17_2_1_1_48_1.0
19_2_1_1_35_1.0
20_2_1_1_6_1.0
22_2_1_1_34_1.0
24_3_2_1_33_1.0
25_3_2_1_19_1.0
26_3_2_1_8_1.0
27_3_2_1_39_1.0
28_3_2_1_58_1.0
29_3_2_1_37_1.0
34_4_2_1_32_1.0
35_4_2_1_22_1.0
36_4_2_1_11_1.0
37_4_2_1_42_1.0
40_4_2_1_38_1.0
42_4_2_1_27_1.0
44_4_2_1_16_1.0
47_5_3_2_50_1.0
49_5_3_2_9_1.0
52_5_3_2_30_1.0
53_5_3_2_44_1.0
54_5_3_2_53_1.0
55_5_3_2_4_1.0
56_6_3_2_43_1.0
58_6_3_2_13_1.0
60_6_3_2_14_1.0
61_6_3_2_5_1.0
64_6_3_2_21_1.0
66_6_3_2_2_1.0
69_7_4_2_1_1.0
70_7_4_2_40_1.0
71_7_4_2_3_1.0
72_7_4_2_41_1.0
74_7_4_2_55_1.0
75_7_4_2_45_1.0
77_7_4_2_23_1.0
80_8_4_2_15_1.0
81_8_4_2_17_1.0
82_8_4_2_52_1.0
83_8_4_2_36_1.0
84_8_4_2_28_1.0
86_8_4_2_29_1.0
score_s_1_1_1_70.0
score_s_2_1_1_84.0
score_s_3_2_1_70.0
score_s_4_2_1_72.0
score_s_5_3_2_70.0
score_s_6_3_2_72.0
score_s_7_4_2_79.0
score_s_8_4_2_71.0
score_t_1_1_77.0
score_t_2_1_71.0
score_t_3_2_71.0
score_t_4_2_75.0
score_m_1_74.0
score_m_2_73.0
DURACION
10.0
12.0
11.0
9.0
7.0
5.0
10.0
15.0
9.0
14.0
9.0
13.0
8.0
8.0
11.0
12.0
5.0
12.0
11.0
5.0
12.0
4.0
12.0
4.0
10.0
11.0
8.0
8.0
13.0
13.0
15.0
9.0
14.0
13.0
10.0
4.0
3.0
13.0
14.0
12.0
15.0
7.0
15.0
6.0
15.0
12.0
3.0
9.0
10.0
7.0
13.0
13.0
4.0
13.0
6.0
9.0
12.0
12.0
11.0
3.0
10.0
15.0
13.0
7.0
13.0
10.0
12.0
14.0
8.0
6.0
3.0
10.0
11.0
15.0
13.0
12.0
6.0
9.0
14.0
13.0
10.0
9.0
8.0
3.0
12.0
5.0
14.0
13.0
VALOR
9.0
14.0
10.0
9.0
9.0
9.0
10.0
12.0
9.0
15.0
13.0
11.0
9.0
9.0
13.0
11.0
9.0
9.0
15.0
9.0
11.0
9.0
14.0
9.0
15.0
13.0
9.0
9.0
15.0
9.0
13.0
9.0
15.0
12.0
14.0
9.0
9.0
13.0
9.0
10.0
15.0
9.0
10.0
9.0
10.0
12.0
9.0
9.0
14.0
9.0
10.0
15.0
9.0
14.0
9.0
15.0
10.0
15.0
9.0
9.0
11.0
14.0
14.0
9.0
11.0
13.0
14.0
9.0
9.0
9.0
9.0
13.0
11.0
15.0
15.0
9.0
9.0
9.0
15.0
15.0
14.0
15.0
9.0
9.0
10.0
9.0
9.0
9.0
ESTRES
0.05303059844659719
0.025982007120073147
0.1279389709800417
0.08955439475433724
0.04338190996455216
0.10965291333681793
0.07818634708002514
0.028393137490691056
0.04864266702151976
0.18557747182482753
0.13896114176186092
0.10189378875641042
0.024093740372551298
0.1541245507608896
0.017555377850788423
0.12106756941897179
0.04813166610517594
0.09050573342942747
0.07772249382655605
0.18198398868590848
0.10956392495931289
0.062193811202337135
0.11235395411811844
0.0872212636875358
0.008688310721385095
0.04559276150786662
0.11116825751967463
0.16742417881442084
0.13149861620443182
0.02426610827933906
0.18768459984255847
0.013097880124914307
0.1612347934425319
0.1620377038556735
0.05580220002002945
0.1113559049258871
0.03782883512963586
0.04300875029250495
0.10897949273661856
0.12682341037153422
0.059648100775056445
0.18035382682289913
0.0966833390562194
0.160732565603257
0.030271071245874248
0.04975128604316015
0.19049143045931405
0.14476700410601417
0.11877796252556272
0.17839975496187344
0.059082609223665594
0.1010650030887138
0.027783380143029834
0.18516554343227898
0.014026947574752091
0.15601612146411603
0.19236768332053544
0.10926193389092465
0.4879978357895268
0.45662572150642855
0.4238460051086195
0.41127772546044805
0.4853213079314004
0.4423901894786447
0.49056206067747254
0.4926423282155875
0.46004300290752975
0.4442829053258195
0.4808708238528485
0.4413622769523202
0.46175509279269045
0.4883637725504758
0.49198480994197813
0.4402032064949005
0.4099529368347806
0.490094867927681
0.4171031403221618
0.41422195728801614
0.461531452270894
0.48554353118107907
0.4233282929758746
0.4812743673789035
0.49601456504550034
0.46030118862092273
0.42742353861945204
0.49495532814975596
0.4004773966768218
0.4855861139090132
