Valor Objetivo:533.4069036797159
Runtime:5.555065393447876
Gap:0.0
1_1_1_1_49_1.0
2_1_1_1_39_1.0
3_1_1_1_15_1.0
4_1_1_1_64_1.0
7_1_1_1_19_1.0
8_1_1_1_1_1.0
9_1_1_1_53_1.0
12_2_1_1_41_1.0
13_2_1_1_31_1.0
15_2_1_1_30_1.0
18_2_1_1_24_1.0
19_2_1_1_2_1.0
20_2_1_1_33_1.0
21_2_1_1_11_1.0
22_2_1_1_13_1.0
23_3_2_1_9_1.0
24_3_2_1_16_1.0
25_3_2_1_7_1.0
27_3_2_1_47_1.0
30_3_2_1_51_1.0
31_3_2_1_50_1.0
32_3_2_1_42_1.0
33_3_2_1_40_1.0
35_4_2_1_29_1.0
36_4_2_1_43_1.0
37_4_2_1_60_1.0
39_4_2_1_37_1.0
41_4_2_1_14_1.0
43_4_2_1_23_1.0
44_4_2_1_8_1.0
45_5_3_2_34_1.0
46_5_3_2_45_1.0
48_5_3_2_57_1.0
49_5_3_2_21_1.0
50_5_3_2_5_1.0
53_5_3_2_25_1.0
54_5_3_2_28_1.0
55_5_3_2_56_1.0
56_6_3_2_44_1.0
57_6_3_2_6_1.0
58_6_3_2_52_1.0
60_6_3_2_27_1.0
62_6_3_2_10_1.0
64_6_3_2_36_1.0
65_6_3_2_48_1.0
66_6_3_2_35_1.0
67_7_4_2_54_1.0
70_7_4_2_46_1.0
71_7_4_2_4_1.0
72_7_4_2_22_1.0
73_7_4_2_18_1.0
75_7_4_2_12_1.0
76_7_4_2_32_1.0
78_8_4_2_17_1.0
79_8_4_2_26_1.0
81_8_4_2_3_1.0
83_8_4_2_58_1.0
85_8_4_2_20_1.0
86_8_4_2_55_1.0
88_8_4_2_38_1.0
score_s_1_1_1_71.0
score_s_2_1_1_87.0
score_s_3_2_1_72.0
score_s_4_2_1_70.0
score_s_5_3_2_82.0
score_s_6_3_2_72.0
score_s_7_4_2_72.0
score_s_8_4_2_74.0
score_t_1_1_79.0
score_t_2_1_71.0
score_t_3_2_77.0
score_t_4_2_73.0
score_m_1_75.0
score_m_2_75.0
DURACION
4.0
9.0
6.0
3.0
11.0
12.0
9.0
15.0
8.0
15.0
14.0
4.0
7.0
15.0
11.0
12.0
15.0
6.0
12.0
10.0
11.0
5.0
6.0
6.0
7.0
11.0
7.0
15.0
7.0
5.0
4.0
6.0
4.0
11.0
4.0
9.0
3.0
9.0
5.0
11.0
7.0
15.0
10.0
13.0
9.0
3.0
15.0
7.0
10.0
14.0
12.0
9.0
11.0
8.0
6.0
7.0
9.0
3.0
9.0
8.0
13.0
7.0
13.0
9.0
6.0
4.0
4.0
15.0
8.0
5.0
7.0
5.0
11.0
14.0
7.0
11.0
11.0
6.0
6.0
13.0
12.0
15.0
3.0
15.0
12.0
4.0
14.0
3.0
VALOR
9.0
12.0
9.0
9.0
9.0
10.0
9.0
14.0
9.0
13.0
9.0
9.0
9.0
12.0
14.0
14.0
10.0
9.0
14.0
9.0
14.0
9.0
9.0
9.0
9.0
9.0
9.0
12.0
9.0
9.0
9.0
9.0
9.0
11.0
9.0
9.0
9.0
9.0
9.0
12.0
9.0
15.0
11.0
14.0
10.0
9.0
10.0
9.0
10.0
15.0
11.0
9.0
11.0
9.0
9.0
9.0
9.0
9.0
9.0
9.0
15.0
9.0
11.0
9.0
9.0
9.0
9.0
15.0
9.0
9.0
9.0
9.0
14.0
14.0
9.0
13.0
9.0
9.0
9.0
13.0
15.0
9.0
9.0
12.0
14.0
9.0
14.0
9.0
ESTRES
0.05921608057939076
0.0945989621653216
0.09951530356541705
0.16420773117879472
0.030276441354270656
0.1305751089434828
0.14970732923559915
0.020076082351777602
0.1738625522570424
0.13426110849706652
0.05695367630282
0.1239713637649692
0.18094566955001723
0.10511338353580735
0.1634117466450259
0.14340117535993835
0.15115146970702886
0.04277096891329901
0.06086729288859649
0.020408358325784026
0.04334229382125554
0.15264954123938723
0.03340713721681288
0.1298653036456029
0.025003270558470403
0.11205562012081405
0.0689411689719851
0.07024153311146264
0.16286431002920165
0.0038572892141305326
0.10265297574755972
0.0008722245715999666
0.029657390197292743
0.04043034686610125
0.15987587210694254
0.040388877211186
0.12805307806478883
0.17484285263678867
0.031967526558082215
0.14915391135953304
0.1430794007874736
0.1010367889457322
0.025305931946632776
0.07791230525091675
0.18256785976884027
0.12562656774063607
0.07628494819065068
0.08701358511319857
0.15636169167678637
0.1518693252686918
0.11902463931356966
0.15614169342434558
0.03124119105738854
0.12017999090530362
0.13079909291555514
0.09741111493486909
0.054291694901562826
0.18761692601750934
0.4614973454595078
0.408933698845634
0.4592821885798909
0.46774332925157625
0.4913321372023862
0.4126956244550618
0.41494862642098784
0.4846450280811895
0.49335693721038054
0.4623286929830457
0.4613803742038798
0.417906168398519
0.4825780470432839
0.4233871702992751
0.4902966819056078
0.4495864590761993
0.4908925968289818
0.47078913642188747
0.49216656916024293
0.4511392106350116
0.41777027191538674
0.48485019923076056
0.497529739118841
0.4582135239883032
0.42834800120527994
0.426506145832392
0.40882294958746235
0.44614328749070686
0.4177027443425293
0.4540210104857847
