Valor Objetivo:371.35655622966857
Runtime:7.712116718292236
Gap:0.0
1_1_1_1_39_1.0
2_1_1_1_26_1.0
4_1_1_1_38_1.0
5_1_1_1_41_1.0
7_1_1_1_21_1.0
8_1_1_1_23_1.0
9_1_1_1_18_1.0
11_1_1_1_20_1.0
13_2_1_1_87_1.0
14_2_1_1_53_1.0
15_2_1_1_35_1.0
16_2_1_1_3_1.0
18_2_1_1_29_1.0
19_2_1_1_10_1.0
21_2_1_1_27_1.0
22_2_1_1_25_1.0
23_3_2_1_36_1.0
24_3_2_1_45_1.0
27_3_2_1_52_1.0
28_3_2_1_8_1.0
29_3_2_1_58_1.0
32_3_2_1_2_1.0
34_4_2_1_46_1.0
36_4_2_1_34_1.0
37_4_2_1_22_1.0
40_4_2_1_7_1.0
41_4_2_1_5_1.0
42_4_2_1_47_1.0
43_4_2_1_55_1.0
45_5_3_2_12_1.0
46_5_3_2_9_1.0
48_5_3_2_48_1.0
49_5_3_2_31_1.0
50_5_3_2_50_1.0
52_5_3_2_4_1.0
53_5_3_2_6_1.0
54_5_3_2_44_1.0
55_5_3_2_19_1.0
56_6_3_2_24_1.0
59_6_3_2_28_1.0
60_6_3_2_40_1.0
61_6_3_2_56_1.0
62_6_3_2_14_1.0
64_6_3_2_15_1.0
65_6_3_2_16_1.0
68_7_4_2_30_1.0
70_7_4_2_51_1.0
71_7_4_2_57_1.0
72_7_4_2_32_1.0
73_7_4_2_17_1.0
74_7_4_2_11_1.0
77_7_4_2_13_1.0
79_8_4_2_37_1.0
81_8_4_2_54_1.0
83_8_4_2_43_1.0
85_8_4_2_42_1.0
86_8_4_2_49_1.0
87_8_4_2_33_1.0
score_s_1_1_1_84.0
score_s_2_1_1_72.0
score_s_3_2_1_70.0
score_s_4_2_1_70.0
score_s_5_3_2_85.0
score_s_6_3_2_75.0
score_s_7_4_2_70.0
score_s_8_4_2_70.0
score_t_1_1_78.0
score_t_2_1_70.0
score_t_3_2_80.0
score_t_4_2_70.0
score_m_1_74.0
score_m_2_75.0
DURACION
9.0
6.0
14.0
14.0
7.0
13.0
6.0
9.0
8.0
15.0
11.0
10.0
3.0
7.0
9.0
4.0
9.0
5.0
5.0
14.0
8.0
9.0
11.0
13.0
9.0
14.0
12.0
3.0
9.0
10.0
8.0
3.0
13.0
15.0
9.0
8.0
7.0
14.0
13.0
5.0
4.0
13.0
7.0
9.0
5.0
4.0
13.0
12.0
9.0
5.0
14.0
3.0
3.0
13.0
9.0
7.0
8.0
9.0
4.0
13.0
12.0
3.0
15.0
4.0
5.0
10.0
8.0
11.0
7.0
9.0
6.0
5.0
5.0
3.0
15.0
9.0
5.0
15.0
13.0
14.0
10.0
10.0
12.0
12.0
9.0
6.0
9.0
13.0
VALOR
11.0
9.0
15.0
14.0
9.0
13.0
9.0
9.0
9.0
15.0
14.0
9.0
9.0
9.0
9.0
9.0
9.0
9.0
9.0
9.0
9.0
9.0
10.0
15.0
9.0
15.0
15.0
9.0
12.0
9.0
9.0
9.0
12.0
13.0
9.0
9.0
9.0
10.0
11.0
9.0
9.0
12.0
9.0
9.0
9.0
9.0
10.0
11.0
9.0
9.0
13.0
9.0
9.0
11.0
9.0
9.0
9.0
9.0
9.0
15.0
15.0
9.0
14.0
9.0
9.0
9.0
9.0
10.0
9.0
15.0
9.0
9.0
9.0
9.0
15.0
9.0
9.0
12.0
13.0
13.0
14.0
11.0
12.0
12.0
12.0
9.0
10.0
10.0
ESTRES
0.17329642485425234
0.05835187733750635
0.04574201450977333
0.12003953661463784
0.06663438669274713
0.1626093261513184
0.055103755396978094
0.18566733191168416
0.0891009656813645
0.060024221015041124
0.187089210545346
0.10464095469439272
0.08480636242201334
0.17568310551013566
0.14554915160115
0.10774607140437265
0.12047077220058877
0.04202330601947424
0.038834680408220135
0.01019235281413755
0.1143582647717909
0.09163611950061312
0.04028906311258196
0.10721031413909721
0.0498189490541906
0.12750695930848177
0.08941325502884889
0.199801094190168
0.17932211357389405
0.029357482455987793
0.06934537808689523
0.16879967070867985
0.050136800450347296
0.11266477911988826
0.08926685601999074
0.02507519612059561
0.006466309918584767
0.00011872609393570599
0.10130389627274061
0.010724166163889826
0.1523993755565226
0.08167745476008592
0.031160451114330634
0.024259016156303992
0.028958404172098384
0.009151181596162794
0.020082550049998593
0.035343547550701127
0.18475751524574502
0.19970186500148535
0.10438615965468356
0.04657328124735194
0.15841568652031457
0.08752982421704547
0.15945779477611843
0.04917086965968376
0.1924208253706694
0.10145175792874916
0.43108473382148715
0.4178562275984333
0.4496188581594379
0.4190083811099192
0.4735823111419666
0.45994071933401637
0.4945318419886531
0.4753053516958238
0.45104170829476653
0.46066182350653107
0.44513145427082546
0.4110706518777665
0.4632594274971249
0.47158487172705754
0.4289484509055035
0.44529881408261673
0.49892939085634913
0.44227612909347447
0.4167423027331847
0.465315092469093
0.4975110539239811
0.45150232797575884
0.4441060006055646
0.4534943693682121
0.43742151670703444
0.48483728850450825
0.4219508897376847
0.42774466593939187
0.420766584509084
0.48477965690613356
