Valor Objetivo:608.5605005163069
Runtime:7.147932291030884
Gap:0.0
1_1_1_1_37_1.0
2_1_1_1_5_1.0
3_1_1_1_80_1.0
4_1_1_1_86_1.0
6_1_1_1_15_1.0
7_1_1_1_9_1.0
8_1_1_1_54_1.0
9_1_1_1_40_1.0
10_1_1_1_2_1.0
11_1_1_1_4_1.0
12_2_1_1_46_1.0
13_2_1_1_47_1.0
14_2_1_1_39_1.0
15_2_1_1_10_1.0
16_2_1_1_82_1.0
17_2_1_1_28_1.0
18_2_1_1_53_1.0
19_2_1_1_36_1.0
20_2_1_1_19_1.0
23_3_2_1_24_1.0
24_3_2_1_75_1.0
25_3_2_1_38_1.0
27_3_2_1_74_1.0
28_3_2_1_34_1.0
29_3_2_1_16_1.0
30_3_2_1_58_1.0
31_3_2_1_76_1.0
33_3_2_1_32_1.0
34_4_2_1_23_1.0
35_4_2_1_59_1.0
36_4_2_1_8_1.0
37_4_2_1_6_1.0
38_4_2_1_81_1.0
39_4_2_1_49_1.0
40_4_2_1_22_1.0
42_4_2_1_12_1.0
43_4_2_1_57_1.0
44_4_2_1_41_1.0
45_5_3_2_88_1.0
47_5_3_2_35_1.0
48_5_3_2_85_1.0
49_5_3_2_29_1.0
50_5_3_2_62_1.0
51_5_3_2_44_1.0
52_5_3_2_43_1.0
53_5_3_2_72_1.0
54_5_3_2_3_1.0
55_5_3_2_84_1.0
56_6_3_2_13_1.0
57_6_3_2_25_1.0
58_6_3_2_17_1.0
59_6_3_2_55_1.0
60_6_3_2_27_1.0
62_6_3_2_14_1.0
63_6_3_2_42_1.0
64_6_3_2_71_1.0
65_6_3_2_52_1.0
67_7_4_2_56_1.0
68_7_4_2_51_1.0
69_7_4_2_45_1.0
70_7_4_2_83_1.0
72_7_4_2_18_1.0
73_7_4_2_21_1.0
74_7_4_2_73_1.0
75_7_4_2_33_1.0
76_7_4_2_87_1.0
77_7_4_2_20_1.0
78_8_4_2_79_1.0
79_8_4_2_78_1.0
80_8_4_2_50_1.0
81_8_4_2_30_1.0
83_8_4_2_61_1.0
84_8_4_2_11_1.0
85_8_4_2_48_1.0
86_8_4_2_26_1.0
87_8_4_2_7_1.0
88_8_4_2_31_1.0
score_s_1_1_1_112.0
score_s_2_1_1_102.0
score_s_3_2_1_101.0
score_s_4_2_1_101.0
score_s_5_3_2_100.0
score_s_6_3_2_100.0
score_s_7_4_2_108.0
score_s_8_4_2_116.0
score_t_1_1_107.0
score_t_2_1_101.0
score_t_3_2_100.0
score_t_4_2_112.0
score_m_1_104.0
score_m_2_106.0
DURACION
15.0
9.0
7.0
7.0
14.0
11.0
8.0
12.0
11.0
3.0
9.0
14.0
15.0
14.0
10.0
3.0
13.0
10.0
11.0
11.0
15.0
15.0
8.0
5.0
13.0
9.0
3.0
9.0
12.0
10.0
5.0
12.0
13.0
9.0
3.0
8.0
6.0
4.0
15.0
8.0
9.0
9.0
15.0
11.0
6.0
15.0
12.0
3.0
9.0
3.0
11.0
11.0
6.0
7.0
6.0
8.0
9.0
10.0
15.0
10.0
10.0
9.0
10.0
3.0
9.0
12.0
10.0
11.0
11.0
4.0
15.0
9.0
9.0
4.0
14.0
7.0
11.0
5.0
5.0
9.0
12.0
15.0
3.0
8.0
13.0
12.0
9.0
12.0
VALOR
15.0
9.0
9.0
9.0
10.0
12.0
9.0
15.0
10.0
9.0
15.0
12.0
13.0
15.0
14.0
9.0
9.0
11.0
10.0
9.0
12.0
11.0
9.0
9.0
11.0
9.0
9.0
13.0
12.0
15.0
9.0
9.0
14.0
9.0
9.0
9.0
9.0
9.0
14.0
9.0
9.0
9.0
11.0
13.0
9.0
10.0
9.0
9.0
9.0
9.0
14.0
14.0
9.0
9.0
9.0
9.0
12.0
14.0
13.0
10.0
10.0
9.0
10.0
9.0
14.0
10.0
12.0
12.0
14.0
9.0
9.0
12.0
9.0
9.0
11.0
9.0
11.0
9.0
9.0
9.0
15.0
10.0
9.0
9.0
15.0
14.0
14.0
13.0
ESTRES
0.13344797484165571
0.12131209775827168
0.10997110052622483
0.011696608119625806
0.01014276054440455
0.18186569378389184
0.028716901786290383
0.12922952446218627
0.1826549905786775
0.03763871617162895
0.15672401385851376
0.1335685512540835
0.17266578085374373
0.13779140789799504
0.058028533588866615
0.008628378572011042
0.07087022616805372
0.11492230201053144
0.07059007507117243
0.07963481471231038
0.10333203354283127
0.1953369871050401
0.11667907360548568
0.193390210343647
0.17992759332717
0.03353054133779265
0.11087942587392663
0.014338468661902137
0.1641390559887761
0.047704458262026184
0.056805948263791595
0.03482769459649149
0.016488990370367995
0.15366587197763126
0.06762373780090225
0.11326299890092029
0.013265901930255342
0.03444306472055558
0.02945080738708772
0.10078982366752698
0.0840817145560877
0.14616683561269705
0.09163080237297916
0.11707178886429237
0.0964180679241321
0.03474697500780255
0.021049635237302744
0.06178115805794715
0.032266879548141225
0.18975202203872998
0.11708174075063471
0.1741228697287306
0.1731971278915463
0.09613765905344573
0.042797978362546396
0.1726712107405518
0.01272367042773126
0.17970396531856858
0.4224976631058336
0.46362115339912224
0.4232271452390075
0.4207889551396887
0.4751448255838323
0.4839401228625352
0.4779740140470391
0.45705860195015524
0.47340575884168856
0.4921275223793764
0.4967777112548887
0.47163595651773127
0.43966436231905004
0.41768783627062867
0.4279272389232429
0.4403050083086666
0.42964892216860373
0.42665652872251014
0.4854059437321264
0.4302892471248779
0.4320785224157949
0.41654818550700157
0.4440465687259192
0.46884338977274076
0.4448720783100688
0.434013365361269
0.4533600472656767
0.427355760073158
0.40038470095553713
0.43797048483279044
