Valor Objetivo:644.7768336440721
Runtime:7.246784925460815
Gap:0.0
1_1_1_1_5_1.0
2_1_1_1_48_1.0
4_1_1_1_44_1.0
7_1_1_1_37_1.0
8_1_1_1_1_1.0
10_1_1_1_20_1.0
11_1_1_1_56_1.0
12_2_1_1_9_1.0
13_2_1_1_83_1.0
14_2_1_1_21_1.0
18_2_1_1_47_1.0
19_2_1_1_33_1.0
20_2_1_1_60_1.0
22_2_1_1_18_1.0
23_3_2_1_42_1.0
24_3_2_1_24_1.0
26_3_2_1_41_1.0
27_3_2_1_13_1.0
28_3_2_1_57_1.0
29_3_2_1_29_1.0
32_3_2_1_40_1.0
33_3_2_1_81_1.0
35_4_2_1_2_1.0
36_4_2_1_30_1.0
37_4_2_1_22_1.0
38_4_2_1_3_1.0
39_4_2_1_43_1.0
41_4_2_1_15_1.0
42_4_2_1_10_1.0
45_5_3_2_23_1.0
46_5_3_2_4_1.0
47_5_3_2_6_1.0
48_5_3_2_54_1.0
49_5_3_2_52_1.0
52_5_3_2_7_1.0
53_5_3_2_55_1.0
54_5_3_2_53_1.0
55_5_3_2_45_1.0
56_6_3_2_28_1.0
57_6_3_2_26_1.0
60_6_3_2_65_1.0
61_6_3_2_50_1.0
62_6_3_2_12_1.0
63_6_3_2_17_1.0
65_6_3_2_14_1.0
68_7_4_2_51_1.0
69_7_4_2_35_1.0
70_7_4_2_19_1.0
71_7_4_2_80_1.0
72_7_4_2_31_1.0
73_7_4_2_49_1.0
74_7_4_2_11_1.0
75_7_4_2_38_1.0
77_7_4_2_34_1.0
79_8_4_2_8_1.0
80_8_4_2_16_1.0
81_8_4_2_36_1.0
82_8_4_2_25_1.0
84_8_4_2_39_1.0
85_8_4_2_27_1.0
86_8_4_2_32_1.0
87_8_4_2_46_1.0
88_8_4_2_58_1.0
score_s_1_1_1_80.0
score_s_2_1_1_80.0
score_s_3_2_1_80.0
score_s_4_2_1_80.0
score_s_5_3_2_90.0
score_s_6_3_2_82.0
score_s_7_4_2_85.0
score_s_8_4_2_91.0
score_t_1_1_80.0
score_t_2_1_80.0
score_t_3_2_86.0
score_t_4_2_88.0
score_m_1_80.0
score_m_2_87.0
DURACION
15.0
5.0
8.0
11.0
9.0
8.0
10.0
12.0
9.0
13.0
6.0
12.0
3.0
9.0
13.0
12.0
10.0
6.0
11.0
4.0
11.0
10.0
9.0
10.0
8.0
6.0
8.0
6.0
9.0
11.0
14.0
6.0
3.0
13.0
12.0
5.0
12.0
12.0
10.0
14.0
7.0
13.0
14.0
15.0
5.0
15.0
14.0
5.0
4.0
11.0
13.0
11.0
5.0
5.0
9.0
5.0
9.0
8.0
7.0
3.0
4.0
12.0
9.0
6.0
9.0
15.0
14.0
8.0
4.0
6.0
3.0
11.0
11.0
13.0
4.0
15.0
9.0
13.0
9.0
9.0
5.0
9.0
13.0
9.0
6.0
11.0
9.0
4.0
VALOR
12.0
9.0
9.0
13.0
9.0
9.0
10.0
14.0
9.0
13.0
9.0
14.0
9.0
15.0
14.0
15.0
10.0
9.0
13.0
9.0
10.0
11.0
9.0
13.0
9.0
9.0
9.0
9.0
13.0
11.0
12.0
9.0
9.0
9.0
11.0
9.0
12.0
15.0
14.0
14.0
9.0
10.0
15.0
11.0
9.0
11.0
10.0
9.0
9.0
9.0
9.0
15.0
9.0
9.0
9.0
9.0
12.0
9.0
9.0
9.0
9.0
15.0
13.0
9.0
15.0
10.0
12.0
9.0
9.0
9.0
9.0
9.0
10.0
12.0
9.0
9.0
9.0
13.0
9.0
9.0
9.0
13.0
9.0
9.0
9.0
15.0
9.0
9.0
ESTRES
0.17863561213143275
0.11783034104072021
0.11651189904192805
0.004927300336446727
0.0024079885768409914
0.02401321861427419
0.09436925256213569
0.1590446685457393
0.06885617776999198
0.039138561511962155
0.0006482911758569632
0.035402785401577375
0.15732369476307317
0.13272030362960818
0.15266324124590092
0.12003430732648412
0.1351345292564563
0.08521547336054947
0.16375268115215058
0.008122521419896778
0.1324742971624403
0.029717637134507813
0.1978080657124872
0.04519375752818422
0.0931278045043048
0.08709485095375935
0.14106175283467504
0.19040358512981947
0.06712770377660104
0.1699306342967425
0.02608900528217728
0.031823708741760215
0.02069871900625997
0.09278546983455915
0.18548053833811184
0.17569761516814064
0.04618597483193532
0.1838469553997596
0.09550928638404255
0.11435925120028545
0.1194385306095761
0.05271743509911386
0.034087049065901875
0.016845366625950153
0.04762454425313545
0.09010831488729243
0.1040009323716714
0.16420905101966798
0.007439948674397123
0.19260433561961676
0.09304345779283119
0.18134188158199682
0.1230104627538372
0.15253277672792798
0.15035725072052986
0.11737160856754081
0.11097116343768154
0.16017828747344864
0.47438511295782115
0.4090944353851448
0.4430299400841545
0.4633741180019221
0.4285580870417153
0.438214157501589
0.4193961008742315
0.43309267267452123
0.4328371048314261
0.48732251133908655
0.4976647780513921
0.4871733411811868
0.46225143983046024
0.46667108086690456
0.42880585654940473
0.483339005671371
0.4372129859455334
0.4781498837755329
0.472909130797735
0.4570974954977771
0.4275214173177929
0.4059990287794669
0.4004932579244078
0.4700902189892633
0.4082492998006505
0.4991324745947837
0.47024885849315823
0.4504278452421544
0.47754826386716587
0.4769165870525577
