Valor Objetivo:526.7010007175359
Runtime:4.038321018218994
Gap:0.0
1_1_1_1_31_1.0
2_1_1_1_14_1.0
4_1_1_1_23_1.0
5_1_1_1_58_1.0
6_1_1_1_44_1.0
8_1_1_1_87_1.0
9_1_1_1_4_1.0
10_1_1_1_29_1.0
11_1_1_1_26_1.0
12_2_1_1_36_1.0
13_2_1_1_24_1.0
14_2_1_1_45_1.0
15_2_1_1_39_1.0
16_2_1_1_10_1.0
17_2_1_1_50_1.0
20_2_1_1_40_1.0
21_2_1_1_22_1.0
22_2_1_1_11_1.0
23_3_2_1_38_1.0
24_3_2_1_53_1.0
25_3_2_1_42_1.0
27_3_2_1_43_1.0
28_3_2_1_20_1.0
29_3_2_1_9_1.0
30_3_2_1_17_1.0
33_3_2_1_3_1.0
34_4_2_1_28_1.0
36_4_2_1_55_1.0
37_4_2_1_1_1.0
39_4_2_1_48_1.0
41_4_2_1_62_1.0
42_4_2_1_6_1.0
43_4_2_1_5_1.0
44_4_2_1_51_1.0
45_5_3_2_27_1.0
46_5_3_2_52_1.0
48_5_3_2_35_1.0
50_5_3_2_32_1.0
51_5_3_2_61_1.0
52_5_3_2_57_1.0
54_5_3_2_86_1.0
55_5_3_2_13_1.0
56_6_3_2_19_1.0
57_6_3_2_25_1.0
58_6_3_2_16_1.0
61_6_3_2_2_1.0
62_6_3_2_78_1.0
64_6_3_2_47_1.0
65_6_3_2_41_1.0
67_7_4_2_56_1.0
68_7_4_2_30_1.0
69_7_4_2_33_1.0
70_7_4_2_15_1.0
74_7_4_2_7_1.0
75_7_4_2_37_1.0
76_7_4_2_34_1.0
77_7_4_2_49_1.0
78_8_4_2_67_1.0
79_8_4_2_21_1.0
81_8_4_2_54_1.0
82_8_4_2_18_1.0
83_8_4_2_84_1.0
85_8_4_2_46_1.0
86_8_4_2_8_1.0
88_8_4_2_12_1.0
score_s_1_1_1_95.0
score_s_2_1_1_97.0
score_s_3_2_1_80.0
score_s_4_2_1_80.0
score_s_5_3_2_80.0
score_s_6_3_2_80.0
score_s_7_4_2_80.0
score_s_8_4_2_80.0
score_t_1_1_96.0
score_t_2_1_80.0
score_t_3_2_80.0
score_t_4_2_80.0
score_m_1_88.0
score_m_2_80.0
DURACION
6.0
8.0
12.0
14.0
12.0
11.0
14.0
3.0
10.0
5.0
5.0
7.0
6.0
11.0
13.0
9.0
8.0
15.0
15.0
11.0
7.0
9.0
7.0
7.0
7.0
13.0
15.0
10.0
3.0
12.0
15.0
14.0
7.0
4.0
8.0
6.0
9.0
12.0
7.0
9.0
3.0
3.0
3.0
14.0
8.0
4.0
15.0
7.0
10.0
8.0
3.0
11.0
10.0
3.0
9.0
11.0
5.0
12.0
7.0
11.0
6.0
3.0
10.0
12.0
10.0
9.0
9.0
7.0
4.0
9.0
14.0
14.0
13.0
11.0
4.0
8.0
4.0
3.0
13.0
14.0
7.0
4.0
3.0
8.0
4.0
13.0
15.0
11.0
VALOR
9.0
9.0
12.0
11.0
11.0
14.0
15.0
9.0
14.0
9.0
9.0
9.0
9.0
14.0
14.0
9.0
9.0
11.0
10.0
15.0
9.0
9.0
9.0
9.0
9.0
11.0
12.0
12.0
9.0
11.0
10.0
11.0
9.0
9.0
9.0
9.0
13.0
9.0
9.0
9.0
9.0
9.0
9.0
13.0
9.0
9.0
14.0
9.0
9.0
9.0
9.0
12.0
10.0
9.0
14.0
12.0
9.0
15.0
9.0
9.0
9.0
9.0
11.0
13.0
13.0
9.0
9.0
9.0
9.0
11.0
11.0
9.0
9.0
15.0
9.0
9.0
9.0
9.0
11.0
10.0
9.0
9.0
9.0
9.0
9.0
12.0
11.0
12.0
ESTRES
0.060565931014148866
0.11670844771242872
0.09825507857679294
0.06235733919840025
0.17154429894300816
0.18914014525625777
0.058035709566247484
0.009102470367161164
0.19798280765628828
0.09084383817615238
0.10476530697393072
0.04380213580652681
0.09247031114539406
0.11535683394663276
0.08966173331573801
0.03137865062957723
0.03496508743991955
0.18200541157759487
0.05554657306779032
0.0865571526397032
0.027977453676269803
0.15318171492875055
0.014667510835811304
0.15767352248697453
0.1656188630832759
0.16820431742326336
0.11940071451913625
0.19681288305352274
0.1747373909130926
0.1544632938767294
0.1677368129890333
0.13476363366157385
0.19847037359547415
0.13563515821606498
0.15470686609448503
0.16312506468059762
0.190614161124798
0.1427258237896667
0.04281563402844224
0.06619159433703259
0.09756858460206697
0.14313257211731423
0.007445654687325276
0.06353329429206234
0.09878255813705539
0.18681153213971957
0.05981972010354464
0.14537251975032583
0.18710603347777877
0.1423345892592236
0.014988205525475418
0.18585878229579134
0.14998224171370422
0.15063624587079327
0.1705972898096041
0.11508763053311466
0.08451455751330128
0.06331158134804371
0.4662271620480286
0.4592581241449647
0.4108791449261199
0.40481209232140736
0.4291393689952697
0.42421522734457917
0.47620196523814795
0.45377172007684186
0.41364326198031554
0.4469185301882672
0.43488016571055665
0.4644468058615745
0.44852581069305353
0.4547316686726649
0.4910331832760009
0.46136333000005025
0.4817601080458488
0.45797025454765894
0.4215474558739556
0.4167688898885856
0.46760581688621783
0.4991030543058952
0.49290452370630666
0.4605818678379877
0.42769894095561944
0.4113869338931212
0.49688527794967663
0.40779896207739863
0.42258667319930543
0.4454791617482112
