Valor Objetivo:687.8340590486263
Runtime:4.248348951339722
Gap:0.0
1_1_1_1_2_1.0
3_1_1_1_58_1.0
4_1_1_1_44_1.0
5_1_1_1_38_1.0
6_1_1_1_57_1.0
7_1_1_1_19_1.0
9_1_1_1_59_1.0
10_1_1_1_55_1.0
11_1_1_1_1_1.0
12_2_1_1_70_1.0
13_2_1_1_33_1.0
15_2_1_1_30_1.0
16_2_1_1_20_1.0
17_2_1_1_41_1.0
18_2_1_1_50_1.0
19_2_1_1_36_1.0
22_2_1_1_17_1.0
23_3_2_1_40_1.0
24_3_2_1_61_1.0
25_3_2_1_35_1.0
26_3_2_1_7_1.0
29_3_2_1_28_1.0
30_3_2_1_4_1.0
31_3_2_1_8_1.0
33_3_2_1_16_1.0
34_4_2_1_43_1.0
35_4_2_1_45_1.0
38_4_2_1_34_1.0
39_4_2_1_52_1.0
40_4_2_1_32_1.0
41_4_2_1_51_1.0
42_4_2_1_46_1.0
43_4_2_1_25_1.0
45_5_3_2_24_1.0
46_5_3_2_12_1.0
47_5_3_2_14_1.0
49_5_3_2_31_1.0
50_5_3_2_29_1.0
51_5_3_2_5_1.0
54_5_3_2_67_1.0
55_5_3_2_42_1.0
56_6_3_2_49_1.0
57_6_3_2_54_1.0
59_6_3_2_13_1.0
60_6_3_2_48_1.0
61_6_3_2_23_1.0
63_6_3_2_21_1.0
65_6_3_2_53_1.0
66_6_3_2_15_1.0
70_7_4_2_3_1.0
71_7_4_2_9_1.0
72_7_4_2_39_1.0
73_7_4_2_18_1.0
74_7_4_2_37_1.0
76_7_4_2_10_1.0
77_7_4_2_81_1.0
78_8_4_2_22_1.0
81_8_4_2_71_1.0
82_8_4_2_6_1.0
83_8_4_2_27_1.0
84_8_4_2_26_1.0
85_8_4_2_11_1.0
86_8_4_2_47_1.0
88_8_4_2_56_1.0
score_s_1_1_1_97.0
score_s_2_1_1_85.0
score_s_3_2_1_85.0
score_s_4_2_1_85.0
score_s_5_3_2_85.0
score_s_6_3_2_87.0
score_s_7_4_2_87.0
score_s_8_4_2_85.0
score_t_1_1_91.0
score_t_2_1_85.0
score_t_3_2_86.0
score_t_4_2_86.0
score_m_1_88.0
score_m_2_86.0
DURACION
15.0
15.0
6.0
10.0
5.0
8.0
9.0
9.0
4.0
8.0
15.0
4.0
5.0
10.0
9.0
7.0
11.0
8.0
9.0
14.0
10.0
13.0
11.0
4.0
5.0
12.0
11.0
13.0
9.0
10.0
8.0
14.0
10.0
7.0
6.0
13.0
13.0
9.0
5.0
9.0
8.0
9.0
11.0
12.0
5.0
8.0
11.0
11.0
12.0
6.0
15.0
15.0
9.0
4.0
5.0
7.0
9.0
10.0
13.0
9.0
11.0
15.0
9.0
12.0
7.0
14.0
13.0
14.0
11.0
11.0
12.0
12.0
7.0
10.0
11.0
10.0
3.0
11.0
8.0
15.0
3.0
13.0
5.0
7.0
11.0
5.0
9.0
9.0
VALOR
14.0
11.0
9.0
10.0
9.0
9.0
14.0
9.0
9.0
9.0
14.0
9.0
9.0
10.0
12.0
9.0
11.0
9.0
11.0
13.0
9.0
15.0
13.0
9.0
9.0
12.0
10.0
12.0
9.0
13.0
9.0
14.0
11.0
9.0
9.0
11.0
10.0
12.0
9.0
9.0
9.0
14.0
14.0
10.0
9.0
9.0
13.0
9.0
13.0
9.0
14.0
9.0
9.0
9.0
9.0
9.0
9.0
9.0
12.0
14.0
12.0
13.0
9.0
9.0
9.0
13.0
11.0
11.0
10.0
12.0
14.0
15.0
9.0
13.0
10.0
15.0
9.0
10.0
9.0
10.0
9.0
13.0
9.0
9.0
13.0
9.0
9.0
13.0
ESTRES
0.05457749837859205
0.00015340609741343325
0.1308480679658519
0.1608303957115358
0.04831617014549128
0.05775692052571457
0.058322744384156966
0.18739484134974915
0.05513007983300122
0.10193175395829579
0.062155706883914696
0.1681054727526441
0.021985123345939828
0.05404411727992442
0.006318330798571137
0.0849084959366635
0.015304838945622734
0.1494654794998106
0.11860668807459596
0.1453037615806595
0.09355761325178846
0.04757241220665143
0.04185721667718634
0.1958820955783257
0.031191566987489372
0.14404218825361614
0.18722988671863672
0.11334614183567315
0.1507143543480688
0.08502322604931267
0.009385746209864099
0.08176672540366847
0.1671009069518452
0.09808213123421317
0.16399116685600712
0.10035670854269008
0.05453021738361419
0.19469439491445184
0.001837020391138089
0.014904456988582004
0.01654874621693725
0.14023312177077363
0.10852771847881948
0.059128503994372306
0.1188304091999739
0.08100988734726011
0.1882324175540383
0.08843869420109673
0.11087871312688968
0.08929492391313687
0.08806848768461328
0.12758588991232256
0.10263813936549693
0.06910881051592932
0.0855570459126812
0.05625256028034642
0.08833800690284432
0.10979792603814342
0.4171633646338564
0.46089842251640034
0.4040742014557769
0.44377651996448575
0.46132700321001496
0.46453706794528926
0.48048286552416775
0.48602216314127844
0.4001346515747819
0.4831681303783495
0.4715910152658165
0.4115437428901976
0.418328647477763
0.4794669639842618
0.46236423552602746
0.4989800689828552
0.42052355525702845
0.42158659453875336
0.43649901540658376
0.4908597241866559
0.4584347635516417
0.4558326109370927
0.40371771896108877
0.41841192402915806
0.4766356528544209
0.47326135329709984
0.4163659325645773
0.4723936767322594
0.47631034976471665
0.4741487590588801
