Valor Objetivo:563.1030037526633
Runtime:4.493778467178345
Gap:0.0
1_1_1_1_32_1.0
3_1_1_1_15_1.0
4_1_1_1_51_1.0
6_1_1_1_85_1.0
7_1_1_1_44_1.0
8_1_1_1_43_1.0
9_1_1_1_2_1.0
10_1_1_1_87_1.0
11_1_1_1_73_1.0
12_2_1_1_13_1.0
13_2_1_1_74_1.0
14_2_1_1_29_1.0
15_2_1_1_12_1.0
16_2_1_1_37_1.0
17_2_1_1_28_1.0
18_2_1_1_65_1.0
20_2_1_1_34_1.0
22_2_1_1_68_1.0
23_3_2_1_86_1.0
24_3_2_1_5_1.0
25_3_2_1_7_1.0
26_3_2_1_42_1.0
28_3_2_1_22_1.0
30_3_2_1_4_1.0
31_3_2_1_33_1.0
32_3_2_1_54_1.0
33_3_2_1_18_1.0
34_4_2_1_27_1.0
35_4_2_1_3_1.0
36_4_2_1_53_1.0
37_4_2_1_38_1.0
38_4_2_1_46_1.0
40_4_2_1_17_1.0
41_4_2_1_36_1.0
43_4_2_1_40_1.0
44_4_2_1_52_1.0
45_5_3_2_31_1.0
46_5_3_2_21_1.0
47_5_3_2_26_1.0
48_5_3_2_14_1.0
49_5_3_2_41_1.0
50_5_3_2_76_1.0
52_5_3_2_56_1.0
55_5_3_2_19_1.0
56_6_3_2_16_1.0
57_6_3_2_25_1.0
59_6_3_2_10_1.0
60_6_3_2_24_1.0
61_6_3_2_55_1.0
62_6_3_2_23_1.0
63_6_3_2_39_1.0
64_6_3_2_30_1.0
65_6_3_2_9_1.0
67_7_4_2_64_1.0
68_7_4_2_69_1.0
69_7_4_2_6_1.0
70_7_4_2_45_1.0
72_7_4_2_48_1.0
73_7_4_2_70_1.0
74_7_4_2_35_1.0
75_7_4_2_50_1.0
76_7_4_2_71_1.0
77_7_4_2_58_1.0
78_8_4_2_11_1.0
79_8_4_2_8_1.0
81_8_4_2_20_1.0
83_8_4_2_47_1.0
84_8_4_2_79_1.0
85_8_4_2_49_1.0
86_8_4_2_1_1.0
87_8_4_2_59_1.0
88_8_4_2_57_1.0
score_s_1_1_1_85.0
score_s_2_1_1_89.0
score_s_3_2_1_88.0
score_s_4_2_1_94.0
score_s_5_3_2_85.0
score_s_6_3_2_97.0
score_s_7_4_2_90.0
score_s_8_4_2_96.0
score_t_1_1_87.0
score_t_2_1_91.0
score_t_3_2_91.0
score_t_4_2_93.0
score_m_1_89.0
score_m_2_92.0
DURACION
14.0
9.0
8.0
8.0
8.0
3.0
6.0
8.0
6.0
3.0
3.0
10.0
4.0
6.0
9.0
13.0
6.0
3.0
8.0
5.0
15.0
3.0
3.0
4.0
10.0
10.0
11.0
9.0
15.0
7.0
5.0
11.0
11.0
14.0
9.0
10.0
4.0
5.0
11.0
9.0
9.0
12.0
11.0
8.0
8.0
13.0
9.0
11.0
8.0
4.0
9.0
14.0
10.0
11.0
11.0
4.0
9.0
14.0
8.0
6.0
6.0
11.0
9.0
5.0
9.0
13.0
3.0
3.0
4.0
6.0
12.0
4.0
3.0
9.0
9.0
3.0
9.0
11.0
5.0
14.0
12.0
15.0
10.0
3.0
8.0
7.0
4.0
11.0
VALOR
13.0
9.0
9.0
9.0
9.0
9.0
9.0
9.0
9.0
9.0
9.0
14.0
9.0
9.0
9.0
12.0
9.0
9.0
9.0
9.0
9.0
9.0
9.0
9.0
10.0
12.0
14.0
9.0
9.0
9.0
9.0
9.0
12.0
14.0
9.0
10.0
9.0
9.0
10.0
9.0
10.0
10.0
15.0
9.0
9.0
11.0
9.0
12.0
9.0
9.0
10.0
13.0
9.0
9.0
13.0
9.0
14.0
11.0
9.0
9.0
9.0
15.0
9.0
9.0
14.0
10.0
9.0
9.0
9.0
9.0
12.0
9.0
9.0
9.0
9.0
9.0
9.0
13.0
9.0
12.0
12.0
10.0
12.0
9.0
9.0
9.0
9.0
14.0
ESTRES
0.0816191980821589
0.10347205838986284
0.03800647060510265
0.10391163847749452
0.14163278409711233
0.1485788436446942
0.037731018958618856
0.14288845521944837
0.043188119921018786
0.08634749879861703
0.01050107849768056
0.07512389516775342
0.03580870899013788
0.00987272013816154
0.09422798519064002
0.1994161819257766
0.09085381212342325
0.015777412576589378
0.018621093823401602
0.01114077552563053
0.0025518127554751135
0.055566105870316185
0.016944131356172898
0.14109912162179905
0.0884563586127125
0.09936385215775334
0.003799373073412049
0.14330039117175564
0.1464874919647805
0.16104998330867204
0.13620442957632506
0.006345018164057192
0.16504951490985953
0.15961785655352478
0.0771258471202243
0.0705711470585555
0.01710921370904217
0.18187780301147316
0.09235308342070025
0.038247164256511534
0.10916245061186369
0.04225169720952515
0.13357713342137856
0.15579460756980668
0.1524859150515353
0.163743150099957
0.06135627424930057
0.18104673260977533
0.12290973381688253
0.067884121416381
0.14434964427257224
0.13294263561730169
0.050929715438081224
0.0350769567659962
0.15100788122367848
0.011286774609568617
0.03742109929112902
0.09976365075345928
0.4091007362684077
0.47552130152610195
0.4504301348247106
0.4848959335786316
0.49520748619906796
0.4138273889133268
0.4505987654761734
0.45242276680750504
0.4879893898056765
0.4343374836974535
0.41791362441095836
0.4147476446217141
0.43983515340469226
0.4699747588815588
0.4334129375609992
0.4066824727315135
0.4856406994568194
0.4067215186484918
0.4792042896021501
0.47889430713757664
0.4215536547169487
0.47347203090560086
0.4966608932666442
0.46153220298029973
0.49998588796562893
0.4788100857892498
0.44555484433014736
0.437830456674865
0.4409159681543111
0.49848854154202094
