Valor Objetivo:383.3313769557618
Runtime:5.180055856704712
Gap:0.0
1_1_1_1_46_1.0
2_1_1_1_22_1.0
4_1_1_1_39_1.0
5_1_1_1_29_1.0
7_1_1_1_44_1.0
8_1_1_1_83_1.0
9_1_1_1_26_1.0
11_1_1_1_20_1.0
14_2_1_1_3_1.0
15_2_1_1_9_1.0
18_2_1_1_32_1.0
19_2_1_1_52_1.0
20_2_1_1_45_1.0
21_2_1_1_11_1.0
22_2_1_1_12_1.0
25_3_2_1_19_1.0
27_3_2_1_86_1.0
30_3_2_1_21_1.0
31_3_2_1_35_1.0
32_3_2_1_54_1.0
33_3_2_1_36_1.0
34_4_2_1_23_1.0
37_4_2_1_10_1.0
38_4_2_1_15_1.0
39_4_2_1_7_1.0
40_4_2_1_47_1.0
41_4_2_1_49_1.0
43_4_2_1_16_1.0
46_5_3_2_53_1.0
48_5_3_2_58_1.0
49_5_3_2_43_1.0
51_5_3_2_17_1.0
53_5_3_2_48_1.0
55_5_3_2_34_1.0
56_6_3_2_14_1.0
57_6_3_2_51_1.0
58_6_3_2_31_1.0
60_6_3_2_25_1.0
63_6_3_2_13_1.0
64_6_3_2_18_1.0
65_6_3_2_56_1.0
66_6_3_2_2_1.0
67_7_4_2_57_1.0
69_7_4_2_28_1.0
70_7_4_2_6_1.0
71_7_4_2_24_1.0
74_7_4_2_41_1.0
76_7_4_2_33_1.0
77_7_4_2_37_1.0
79_8_4_2_5_1.0
80_8_4_2_38_1.0
81_8_4_2_40_1.0
82_8_4_2_42_1.0
83_8_4_2_50_1.0
85_8_4_2_55_1.0
87_8_4_2_27_1.0
88_8_4_2_30_1.0
score_s_1_1_1_80.0
score_s_2_1_1_70.0
score_s_3_2_1_71.0
score_s_4_2_1_71.0
score_s_5_3_2_70.0
score_s_6_3_2_72.0
score_s_7_4_2_81.0
score_s_8_4_2_81.0
score_t_1_1_75.0
score_t_2_1_71.0
score_t_3_2_71.0
score_t_4_2_81.0
score_m_1_73.0
score_m_2_76.0
DURACION
7.0
6.0
13.0
7.0
8.0
12.0
9.0
3.0
9.0
11.0
10.0
13.0
15.0
5.0
3.0
15.0
13.0
14.0
11.0
5.0
3.0
4.0
11.0
12.0
5.0
9.0
3.0
9.0
15.0
11.0
7.0
9.0
12.0
8.0
11.0
15.0
5.0
8.0
5.0
9.0
14.0
13.0
9.0
15.0
15.0
15.0
11.0
13.0
6.0
9.0
4.0
8.0
10.0
12.0
11.0
3.0
8.0
9.0
15.0
10.0
13.0
14.0
6.0
5.0
11.0
3.0
8.0
13.0
9.0
4.0
10.0
12.0
12.0
10.0
12.0
12.0
13.0
13.0
5.0
10.0
9.0
7.0
7.0
15.0
10.0
14.0
6.0
12.0
VALOR
9.0
9.0
10.0
9.0
9.0
12.0
11.0
9.0
12.0
10.0
12.0
10.0
11.0
9.0
9.0
11.0
9.0
12.0
13.0
9.0
9.0
9.0
11.0
9.0
9.0
9.0
9.0
9.0
13.0
15.0
9.0
14.0
15.0
9.0
9.0
13.0
9.0
9.0
9.0
13.0
13.0
11.0
9.0
15.0
12.0
15.0
9.0
14.0
9.0
9.0
9.0
9.0
13.0
12.0
10.0
9.0
9.0
9.0
10.0
9.0
13.0
10.0
9.0
9.0
9.0
9.0
9.0
9.0
10.0
9.0
14.0
12.0
10.0
15.0
12.0
15.0
9.0
14.0
9.0
10.0
9.0
9.0
9.0
14.0
12.0
9.0
9.0
14.0
ESTRES
0.18297964809788825
0.04145859093213222
0.016558559881393875
0.1942415710691081
0.03245531300571025
0.09709391298324599
0.04783469941751006
0.19218508835293868
0.17411870123073347
0.06899600079864088
0.18322222093773732
0.17163999432244648
0.0769619812153286
0.1858231257062698
0.07528995320374599
0.02162154049164855
0.19482003856533947
0.11928311867159669
0.1309840305697514
0.003057020198723337
0.0005952015953502032
0.13233869717993163
0.09511885558601385
0.05063899376979608
0.021079326679083077
0.06799532048343815
0.1441611752130596
0.08452396763504699
0.12941527284820398
0.012026074282840638
0.07439897636200854
0.0005482205785609651
0.023840119141200433
0.04211119091983839
0.15212982007949916
0.03395974245268574
0.018351205473874366
0.08082368250315464
0.1663832480440106
0.10778445454153551
0.05960990488453943
0.1631414513167161
0.1833242884241728
0.13572232769057313
0.19940035323954963
0.1758539675675831
0.1394457050252832
0.0922492262415131
0.013651768855388213
0.18320303847298147
0.166446872458075
0.06797302211472533
0.0012882791174251285
0.12540686831977976
0.11243789311542329
0.0770793106407115
0.17014644913780053
0.046550545075245475
0.491858620383832
0.4488045883585232
0.41294246777275867
0.4954183373198625
0.4324235134718937
0.4504334089700335
0.4349886559841709
0.4951055792340209
0.4629798396334779
0.4254906749695324
0.4190647285297924
0.4096743452958128
0.467943150618244
0.49986080165196056
0.4016828147569832
0.4087928271702487
0.4883436912433846
0.4087159991479402
0.4288703184814895
0.42268472229882703
0.45472706336845714
0.4069409030505352
0.4254264712121725
0.4182274459165709
0.40946467517790475
0.46570817189406777
0.4697734975869129
0.40852266491208056
0.4220370625720422
0.420406790127276
