Valor Objetivo:502.49741549752076
Runtime:7.50920557975769
Gap:0.0
1_1_1_1_19_1.0
2_1_1_1_33_1.0
3_1_1_1_41_1.0
4_1_1_1_28_1.0
5_1_1_1_20_1.0
7_1_1_1_74_1.0
8_1_1_1_58_1.0
9_1_1_1_77_1.0
12_2_1_1_6_1.0
13_2_1_1_70_1.0
15_2_1_1_44_1.0
16_2_1_1_4_1.0
17_2_1_1_81_1.0
18_2_1_1_30_1.0
19_2_1_1_37_1.0
21_2_1_1_75_1.0
22_2_1_1_10_1.0
23_3_2_1_8_1.0
24_3_2_1_69_1.0
26_3_2_1_55_1.0
27_3_2_1_56_1.0
28_3_2_1_3_1.0
29_3_2_1_23_1.0
30_3_2_1_51_1.0
31_3_2_1_16_1.0
32_3_2_1_78_1.0
34_4_2_1_32_1.0
35_4_2_1_31_1.0
37_4_2_1_76_1.0
38_4_2_1_43_1.0
39_4_2_1_52_1.0
40_4_2_1_9_1.0
41_4_2_1_42_1.0
42_4_2_1_54_1.0
43_4_2_1_12_1.0
44_4_2_1_64_1.0
45_5_3_2_53_1.0
46_5_3_2_83_1.0
47_5_3_2_80_1.0
48_5_3_2_50_1.0
50_5_3_2_26_1.0
51_5_3_2_87_1.0
52_5_3_2_48_1.0
55_5_3_2_47_1.0
56_6_3_2_24_1.0
57_6_3_2_2_1.0
58_6_3_2_15_1.0
59_6_3_2_18_1.0
60_6_3_2_27_1.0
61_6_3_2_5_1.0
63_6_3_2_57_1.0
64_6_3_2_46_1.0
65_6_3_2_34_1.0
66_6_3_2_7_1.0
67_7_4_2_21_1.0
68_7_4_2_29_1.0
69_7_4_2_25_1.0
70_7_4_2_14_1.0
71_7_4_2_13_1.0
72_7_4_2_86_1.0
75_7_4_2_36_1.0
76_7_4_2_39_1.0
78_8_4_2_11_1.0
79_8_4_2_45_1.0
80_8_4_2_38_1.0
82_8_4_2_40_1.0
83_8_4_2_22_1.0
85_8_4_2_17_1.0
87_8_4_2_35_1.0
88_8_4_2_49_1.0
score_s_1_1_1_87.0
score_s_2_1_1_89.0
score_s_3_2_1_88.0
score_s_4_2_1_108.0
score_s_5_3_2_85.0
score_s_6_3_2_99.0
score_s_7_4_2_85.0
score_s_8_4_2_95.0
score_t_1_1_88.0
score_t_2_1_98.0
score_t_3_2_92.0
score_t_4_2_90.0
score_m_1_93.0
score_m_2_91.0
DURACION
9.0
11.0
9.0
11.0
10.0
9.0
5.0
10.0
4.0
12.0
11.0
7.0
5.0
8.0
10.0
5.0
4.0
7.0
7.0
14.0
5.0
9.0
5.0
3.0
15.0
11.0
10.0
6.0
8.0
9.0
7.0
4.0
13.0
12.0
9.0
9.0
3.0
8.0
14.0
6.0
9.0
15.0
5.0
4.0
10.0
4.0
4.0
10.0
13.0
8.0
3.0
9.0
13.0
14.0
11.0
6.0
5.0
5.0
6.0
5.0
7.0
14.0
14.0
9.0
10.0
8.0
13.0
7.0
9.0
9.0
6.0
4.0
12.0
15.0
12.0
13.0
9.0
7.0
11.0
14.0
13.0
14.0
12.0
9.0
9.0
13.0
15.0
13.0
VALOR
9.0
10.0
9.0
14.0
14.0
9.0
9.0
13.0
9.0
11.0
9.0
9.0
9.0
9.0
11.0
9.0
9.0
9.0
9.0
12.0
9.0
15.0
9.0
9.0
9.0
12.0
13.0
9.0
9.0
9.0
9.0
9.0
9.0
15.0
9.0
9.0
9.0
9.0
14.0
9.0
11.0
14.0
9.0
9.0
15.0
9.0
9.0
12.0
14.0
9.0
9.0
9.0
12.0
9.0
13.0
9.0
9.0
9.0
9.0
9.0
9.0
9.0
14.0
9.0
13.0
9.0
14.0
9.0
9.0
9.0
9.0
9.0
10.0
13.0
12.0
14.0
9.0
9.0
12.0
12.0
10.0
13.0
12.0
9.0
10.0
9.0
13.0
14.0
ESTRES
0.11019676369740117
0.006816983291038858
0.00031300193886585337
0.03740552993701973
0.024124752929864157
0.04327810251766562
0.03798267532341282
0.10284207776404997
0.08620232803116668
0.03331616232411749
0.10098868226450242
0.13617799910172035
0.12368889412507245
0.06594093798136058
0.15147599116073818
0.11592366277509447
0.08350894870973935
0.14900326237705697
0.08775900112483326
0.05809319338694019
0.0022373325004307887
0.010757654791199611
0.1350493749194952
0.17925566198050802
0.12515670579856086
0.13795147082618509
0.1976346376735023
0.06478129987201675
0.15496963940440756
0.16535810769588966
0.15120459825292099
0.05090297644022945
0.06102630581346602
0.09251353477897983
0.004620483200216907
0.052798318738183636
0.182719713688277
0.020561247503349755
0.05210948947294414
0.029192652357903026
0.1598689308363378
0.15275960249913645
0.18744481210995434
0.13681274563417534
0.09944893070581662
0.16361832567778778
0.10626263230483146
0.15452140391280034
0.05855090061454138
0.1346816882974199
0.16670943149059325
0.05169270360756317
0.14103559206392435
0.0009025557550355057
0.10926948666696001
0.1505596904922456
0.05717242082448892
0.1644161647842255
0.4456444468471593
0.437220815065251
0.4930698521437883
0.4731384918361289
0.47906057115068124
0.4191540075945178
0.46136058740258445
0.4584380850944475
0.45187674052887494
0.4783088893515258
0.45159970282465023
0.4081800824114824
0.4999253133134861
0.478768189534293
0.4583763509152744
0.4178656190907085
0.40446755860942474
0.4596372381914011
0.45474213833314137
0.4437888755057642
0.48215448061129085
0.42852354739678955
0.4526267384015684
0.47681278857037446
0.4501860981928728
0.47362351097205624
0.4845692923822532
0.4470026485947649
0.4758904485924088
0.49710894928414306
