Valor Objetivo:689.4190402551527
Runtime:4.233638763427734
Gap:0.0
1_1_1_1_52_1.0
2_1_1_1_11_1.0
3_1_1_1_51_1.0
4_1_1_1_48_1.0
5_1_1_1_80_1.0
6_1_1_1_37_1.0
7_1_1_1_69_1.0
9_1_1_1_47_1.0
10_1_1_1_28_1.0
11_1_1_1_34_1.0
12_2_1_1_65_1.0
13_2_1_1_87_1.0
14_2_1_1_35_1.0
15_2_1_1_58_1.0
16_2_1_1_36_1.0
17_2_1_1_33_1.0
19_2_1_1_64_1.0
20_2_1_1_18_1.0
21_2_1_1_88_1.0
22_2_1_1_49_1.0
23_3_2_1_10_1.0
24_3_2_1_25_1.0
25_3_2_1_71_1.0
26_3_2_1_84_1.0
27_3_2_1_60_1.0
28_3_2_1_31_1.0
29_3_2_1_42_1.0
30_3_2_1_67_1.0
31_3_2_1_45_1.0
33_3_2_1_83_1.0
34_4_2_1_56_1.0
35_4_2_1_22_1.0
36_4_2_1_15_1.0
37_4_2_1_3_1.0
38_4_2_1_55_1.0
40_4_2_1_24_1.0
41_4_2_1_7_1.0
42_4_2_1_30_1.0
43_4_2_1_77_1.0
44_4_2_1_17_1.0
45_5_3_2_23_1.0
46_5_3_2_32_1.0
47_5_3_2_53_1.0
48_5_3_2_8_1.0
50_5_3_2_13_1.0
51_5_3_2_20_1.0
52_5_3_2_78_1.0
55_5_3_2_16_1.0
56_6_3_2_46_1.0
58_6_3_2_79_1.0
59_6_3_2_4_1.0
60_6_3_2_21_1.0
61_6_3_2_12_1.0
62_6_3_2_75_1.0
63_6_3_2_27_1.0
65_6_3_2_5_1.0
66_6_3_2_29_1.0
67_7_4_2_40_1.0
68_7_4_2_39_1.0
69_7_4_2_57_1.0
70_7_4_2_1_1.0
71_7_4_2_85_1.0
72_7_4_2_9_1.0
73_7_4_2_19_1.0
74_7_4_2_2_1.0
75_7_4_2_73_1.0
76_7_4_2_54_1.0
78_8_4_2_44_1.0
79_8_4_2_14_1.0
80_8_4_2_38_1.0
82_8_4_2_6_1.0
83_8_4_2_41_1.0
84_8_4_2_43_1.0
85_8_4_2_63_1.0
86_8_4_2_26_1.0
87_8_4_2_50_1.0
score_s_1_1_1_99.0
score_s_2_1_1_105.0
score_s_3_2_1_95.0
score_s_4_2_1_101.0
score_s_5_3_2_95.0
score_s_6_3_2_95.0
score_s_7_4_2_107.0
score_s_8_4_2_95.0
score_t_1_1_102.0
score_t_2_1_98.0
score_t_3_2_95.0
score_t_4_2_101.0
score_m_1_100.0
score_m_2_98.0
DURACION
15.0
8.0
9.0
10.0
4.0
12.0
4.0
15.0
7.0
9.0
14.0
3.0
5.0
14.0
9.0
7.0
7.0
15.0
3.0
15.0
4.0
12.0
9.0
14.0
4.0
3.0
4.0
7.0
6.0
4.0
6.0
9.0
4.0
9.0
12.0
12.0
6.0
10.0
15.0
8.0
7.0
9.0
3.0
13.0
9.0
9.0
15.0
10.0
10.0
9.0
13.0
4.0
15.0
14.0
7.0
10.0
8.0
5.0
12.0
15.0
7.0
3.0
5.0
8.0
11.0
13.0
13.0
5.0
15.0
5.0
4.0
8.0
9.0
9.0
4.0
9.0
10.0
15.0
12.0
13.0
15.0
5.0
8.0
10.0
4.0
9.0
11.0
15.0
VALOR
10.0
9.0
11.0
9.0
9.0
14.0
9.0
12.0
9.0
9.0
10.0
9.0
9.0
15.0
9.0
9.0
9.0
11.0
9.0
14.0
9.0
13.0
9.0
14.0
9.0
9.0
9.0
9.0
9.0
9.0
9.0
9.0
9.0
11.0
11.0
10.0
9.0
15.0
11.0
9.0
9.0
9.0
9.0
9.0
9.0
15.0
15.0
14.0
9.0
11.0
13.0
9.0
12.0
9.0
9.0
13.0
9.0
9.0
11.0
10.0
9.0
9.0
9.0
9.0
13.0
12.0
15.0
9.0
15.0
9.0
9.0
9.0
9.0
13.0
9.0
10.0
9.0
11.0
10.0
14.0
9.0
9.0
9.0
10.0
9.0
9.0
14.0
10.0
ESTRES
0.16682073220978044
0.08156222744665342
0.14472958310384
0.035368226552873416
0.0523465512265292
0.17324204412771682
0.15665157844839395
0.07295072101695432
0.12441357387247409
0.09447335610741003
0.12807259711615282
0.16631329481318113
0.09891213754147332
0.046334235979391125
0.06227536319151328
0.16984141698023103
0.03916920763087661
0.005250537906982933
0.1346605989144557
0.03987721568687563
0.004092102119915175
0.07250941998596039
0.13357532012949447
0.1409290796924223
0.01079886283802467
0.1200892562167446
0.19790444993687528
0.14005136442605126
0.03314469868136094
0.10815696971022792
0.1591694926025221
0.1033558800711879
0.156082186379076
0.03484098356271659
0.03470122317449631
0.17318708986422648
0.05839763987288882
0.041340076259457015
0.196576543812916
0.040942222539860906
0.14991758872978567
0.19580628875336104
0.0867575877856861
0.007509171002238024
0.19802364370618042
0.09385167186322774
0.18031349414686093
0.1085983923344731
0.06535991606120084
0.08909210534285028
0.13156594116772502
0.016150911990625016
0.0012644150215910255
0.1496476425181128
0.09203717441003334
0.12980890001128187
0.018628374914905765
0.12211634593059406
0.4651212386976846
0.40996420371508246
0.49821351586115115
0.4919406286705059
0.43754120841599564
0.44549764543826886
0.44491244241621863
0.48485580899418
0.43358715006310644
0.486192153506385
0.4305099256187095
0.4904955347058789
0.4171413320307369
0.45186836600484515
0.429751393210975
0.46915896352816056
0.4470063980197243
0.49591898090487785
0.446019771460176
0.42973267310309626
0.41126769852205836
0.41225941952270184
0.45123616499403774
0.4875817921782688
0.4341188499943911
0.4453057116673673
0.4312618986205735
0.46792939398898514
0.4021431617936736
0.43873471900278715
