Valor Objetivo:521.742935926735
Runtime:4.035760164260864
Gap:0.0
1_1_1_1_70_1.0
2_1_1_1_23_1.0
3_1_1_1_54_1.0
4_1_1_1_33_1.0
5_1_1_1_77_1.0
6_1_1_1_38_1.0
7_1_1_1_10_1.0
9_1_1_1_86_1.0
10_1_1_1_40_1.0
11_1_1_1_29_1.0
12_2_1_1_11_1.0
13_2_1_1_44_1.0
14_2_1_1_15_1.0
16_2_1_1_39_1.0
17_2_1_1_27_1.0
19_2_1_1_31_1.0
20_2_1_1_66_1.0
21_2_1_1_36_1.0
22_2_1_1_51_1.0
23_3_2_1_9_1.0
24_3_2_1_19_1.0
25_3_2_1_14_1.0
27_3_2_1_37_1.0
28_3_2_1_48_1.0
31_3_2_1_55_1.0
32_3_2_1_28_1.0
33_3_2_1_18_1.0
34_4_2_1_12_1.0
35_4_2_1_81_1.0
36_4_2_1_30_1.0
37_4_2_1_7_1.0
38_4_2_1_13_1.0
40_4_2_1_79_1.0
41_4_2_1_6_1.0
42_4_2_1_26_1.0
43_4_2_1_16_1.0
44_4_2_1_43_1.0
46_5_3_2_3_1.0
48_5_3_2_5_1.0
50_5_3_2_50_1.0
51_5_3_2_47_1.0
52_5_3_2_32_1.0
53_5_3_2_52_1.0
54_5_3_2_24_1.0
55_5_3_2_84_1.0
56_6_3_2_4_1.0
58_6_3_2_35_1.0
59_6_3_2_56_1.0
60_6_3_2_68_1.0
61_6_3_2_20_1.0
62_6_3_2_74_1.0
63_6_3_2_57_1.0
64_6_3_2_21_1.0
66_6_3_2_42_1.0
67_7_4_2_34_1.0
68_7_4_2_22_1.0
69_7_4_2_49_1.0
70_7_4_2_8_1.0
73_7_4_2_17_1.0
74_7_4_2_75_1.0
75_7_4_2_41_1.0
76_7_4_2_73_1.0
78_8_4_2_85_1.0
79_8_4_2_46_1.0
80_8_4_2_88_1.0
81_8_4_2_45_1.0
83_8_4_2_61_1.0
84_8_4_2_87_1.0
85_8_4_2_53_1.0
86_8_4_2_58_1.0
87_8_4_2_25_1.0
score_s_1_1_1_99.0
score_s_2_1_1_93.0
score_s_3_2_1_90.0
score_s_4_2_1_94.0
score_s_5_3_2_92.0
score_s_6_3_2_90.0
score_s_7_4_2_94.0
score_s_8_4_2_92.0
score_t_1_1_96.0
score_t_2_1_92.0
score_t_3_2_91.0
score_t_4_2_93.0
score_m_1_94.0
score_m_2_92.0
DURACION
5.0
10.0
15.0
8.0
3.0
9.0
7.0
15.0
6.0
9.0
9.0
9.0
12.0
7.0
14.0
13.0
11.0
15.0
8.0
3.0
11.0
10.0
7.0
7.0
9.0
15.0
9.0
10.0
10.0
11.0
11.0
11.0
8.0
9.0
3.0
9.0
7.0
8.0
12.0
6.0
6.0
9.0
8.0
9.0
9.0
5.0
14.0
7.0
10.0
14.0
9.0
11.0
13.0
8.0
4.0
7.0
9.0
8.0
10.0
5.0
10.0
3.0
12.0
8.0
15.0
9.0
11.0
9.0
10.0
6.0
11.0
15.0
10.0
5.0
9.0
4.0
14.0
6.0
13.0
6.0
8.0
13.0
4.0
3.0
14.0
9.0
10.0
12.0
VALOR
9.0
13.0
14.0
9.0
9.0
9.0
9.0
10.0
9.0
9.0
9.0
9.0
12.0
9.0
9.0
9.0
12.0
11.0
9.0
9.0
13.0
11.0
9.0
9.0
12.0
12.0
9.0
12.0
12.0
9.0
15.0
15.0
9.0
12.0
9.0
9.0
9.0
9.0
9.0
9.0
9.0
10.0
9.0
9.0
9.0
9.0
13.0
9.0
9.0
13.0
15.0
13.0
15.0
9.0
9.0
9.0
9.0
9.0
11.0
9.0
13.0
9.0
12.0
9.0
11.0
9.0
14.0
14.0
15.0
9.0
9.0
13.0
15.0
9.0
9.0
9.0
11.0
9.0
14.0
9.0
9.0
10.0
9.0
9.0
13.0
9.0
11.0
9.0
ESTRES
0.11989561404997051
0.14388780951719127
0.11858262846172629
0.06904878190827934
0.062181036498585085
0.15811579492339656
0.06445388382916084
0.14740216318447485
0.12472678270312842
0.09775317646429404
0.07154627370208644
0.05862940893712776
0.09148140673662286
0.08303142541113728
0.12507891017538886
0.1301867302243892
0.04430500291525252
0.12277595130106478
0.1580351629621034
0.08087215259259084
0.12848205376940214
0.12384892412114756
0.07388254329065425
0.1549780423206858
0.09558001613694367
0.13211399527300827
0.03830381656272963
0.06510135962346897
0.14167801211723363
0.13508077609289237
0.17035415223386607
0.0565805920076039
0.18356579155315345
0.07890917391055163
0.18743130240034878
0.061297281041717167
0.15431809987537315
0.1782190836748222
0.04756564614148251
0.1825071282195695
0.1577663256947216
0.1672209362567677
0.18177247359215676
0.05845876155033192
0.19840097797126255
0.024711432168131986
0.1853734520168978
0.12209054786888685
0.12350721873578674
0.02925962790995018
0.16335856254010883
0.05832217603329004
0.022639329183421708
0.011348246152814045
0.08004432061700362
0.15379277826983773
0.08004267051234981
0.18691249801559173
0.4928252769370538
0.4392841243852845
0.4018141894759599
0.48102879370583973
0.47747439034463257
0.4698458905182217
0.47778111157223346
0.4203827081208268
0.4799967821918767
0.4096371378484409
0.48692979937534153
0.41353711981719543
0.45656121958085516
0.45344455695464725
0.4262303450507041
0.4401256364492466
0.4225426562039214
0.48356769706098923
0.45460553146032556
0.49036115849910134
0.4020402145807003
0.48897680945000555
0.4602159441874417
0.48460174099533615
0.481144194967399
0.43640596264944653
0.4258017724861396
0.41437499227566166
0.45221803014082995
0.41484166876272044
