Valor Objetivo:499.6801863277182
Runtime:9.624463081359863
Gap:0.0
1_1_1_1_9_1.0
3_1_1_1_46_1.0
4_1_1_1_20_1.0
5_1_1_1_41_1.0
6_1_1_1_55_1.0
7_1_1_1_53_1.0
8_1_1_1_12_1.0
10_1_1_1_33_1.0
12_2_1_1_40_1.0
13_2_1_1_21_1.0
14_2_1_1_48_1.0
17_2_1_1_49_1.0
18_2_1_1_29_1.0
20_2_1_1_24_1.0
21_2_1_1_58_1.0
22_2_1_1_25_1.0
23_3_2_1_34_1.0
24_3_2_1_31_1.0
25_3_2_1_32_1.0
26_3_2_1_57_1.0
27_3_2_1_19_1.0
28_3_2_1_5_1.0
32_3_2_1_36_1.0
37_4_2_1_10_1.0
38_4_2_1_8_1.0
39_4_2_1_18_1.0
40_4_2_1_3_1.0
41_4_2_1_52_1.0
43_4_2_1_38_1.0
44_4_2_1_14_1.0
45_5_3_2_47_1.0
47_5_3_2_39_1.0
48_5_3_2_22_1.0
50_5_3_2_15_1.0
53_5_3_2_45_1.0
54_5_3_2_42_1.0
55_5_3_2_28_1.0
56_6_3_2_43_1.0
57_6_3_2_16_1.0
58_6_3_2_11_1.0
61_6_3_2_35_1.0
62_6_3_2_30_1.0
63_6_3_2_6_1.0
64_6_3_2_1_1.0
67_7_4_2_17_1.0
68_7_4_2_26_1.0
71_7_4_2_37_1.0
74_7_4_2_2_1.0
75_7_4_2_23_1.0
76_7_4_2_51_1.0
78_8_4_2_7_1.0
79_8_4_2_27_1.0
80_8_4_2_50_1.0
81_8_4_2_4_1.0
83_8_4_2_54_1.0
87_8_4_2_13_1.0
88_8_4_2_44_1.0
score_s_1_1_1_72.0
score_s_2_1_1_82.0
score_s_3_2_1_71.0
score_s_4_2_1_79.0
score_s_5_3_2_71.0
score_s_6_3_2_81.0
score_s_7_4_2_70.0
score_s_8_4_2_74.0
score_t_1_1_77.0
score_t_2_1_75.0
score_t_3_2_76.0
score_t_4_2_72.0
score_m_1_76.0
score_m_2_74.0
DURACION
8.0
13.0
3.0
6.0
6.0
3.0
4.0
7.0
9.0
5.0
15.0
3.0
10.0
5.0
14.0
13.0
4.0
6.0
15.0
6.0
11.0
7.0
3.0
3.0
5.0
9.0
5.0
14.0
11.0
15.0
12.0
6.0
14.0
15.0
15.0
9.0
8.0
12.0
11.0
9.0
12.0
9.0
9.0
7.0
3.0
11.0
5.0
11.0
9.0
7.0
12.0
14.0
3.0
5.0
10.0
4.0
3.0
6.0
10.0
9.0
12.0
12.0
13.0
15.0
15.0
8.0
10.0
7.0
14.0
8.0
12.0
8.0
15.0
14.0
3.0
3.0
13.0
13.0
4.0
3.0
10.0
15.0
4.0
13.0
14.0
8.0
5.0
4.0
VALOR
9.0
9.0
9.0
9.0
9.0
9.0
9.0
9.0
9.0
9.0
15.0
9.0
15.0
9.0
9.0
10.0
9.0
9.0
15.0
9.0
13.0
9.0
9.0
9.0
9.0
13.0
9.0
13.0
10.0
12.0
11.0
9.0
13.0
15.0
11.0
9.0
9.0
14.0
13.0
12.0
13.0
9.0
9.0
9.0
9.0
13.0
9.0
15.0
9.0
9.0
12.0
10.0
9.0
9.0
11.0
9.0
9.0
9.0
9.0
9.0
15.0
13.0
11.0
15.0
12.0
9.0
14.0
9.0
15.0
9.0
14.0
9.0
9.0
15.0
9.0
9.0
11.0
15.0
9.0
9.0
14.0
15.0
9.0
10.0
13.0
9.0
9.0
9.0
ESTRES
0.01779935482516548
0.04799837026417697
0.17627953724683543
0.14023956866938814
0.04126695848605133
0.056150894355268544
0.08840884321157338
0.09431750882660239
0.1266246346601564
0.11759089974502601
0.1478482269561695
0.12579575669117304
0.1548090244293343
0.10735218402906233
0.11239503906860648
0.17960102525464516
0.0778518605775328
0.06717526311751643
0.13511259793797903
0.12541452109719864
0.07469971703600342
0.05079883600584534
0.18053227824819307
0.11038068097913922
0.09974467322132319
0.08046460358874985
0.1392115430198454
0.06189297016459039
0.10526639636625656
0.030387404049016076
0.13774845636599276
0.10941915041880312
0.11668054560513907
0.1811466730181891
0.0196850107568447
0.08502867231985434
0.01856601044498074
0.04892862798001851
0.09778140613354769
0.1862512667871985
0.07876169171977232
0.09568416675906888
0.11138426413882663
0.11455692022371733
0.12600051229626652
0.19109631775425906
0.17413122714005658
0.09808503280420822
0.09816099691717894
0.13080304299539203
0.12707994955470114
0.004320947358268934
0.11081197589252056
0.10324369840668723
0.16274580919719506
0.18880601658766705
0.030431297387166878
0.01713584709660887
0.4390134288068138
0.4266317591335753
0.47434901686186115
0.4901049535312665
0.4422800621544135
0.41507405892115534
0.4047481007070073
0.4645427245878343
0.4222351014699608
0.4726684902052005
0.420140514292242
0.4430810799625988
0.428998546273168
0.48460083777300667
0.42415338317388596
0.45920461554551784
0.4786701780207303
0.4312891845531708
0.47231455989109294
0.4146049646486092
0.4821214028051046
0.45846803806617964
0.4177902388441539
0.4773988784930623
0.42283147436911417
0.48332858739292406
0.45839681108079233
0.42128367359746355
0.443084775614059
0.42135614529882004
