Valor Objetivo:477.44863351969764
Runtime:7.167846441268921
Gap:0.0
1_1_1_1_8_1.0
3_1_1_1_7_1.0
5_1_1_1_48_1.0
6_1_1_1_33_1.0
7_1_1_1_13_1.0
8_1_1_1_4_1.0
9_1_1_1_14_1.0
10_1_1_1_87_1.0
11_1_1_1_66_1.0
12_2_1_1_25_1.0
13_2_1_1_59_1.0
14_2_1_1_42_1.0
15_2_1_1_47_1.0
16_2_1_1_24_1.0
19_2_1_1_41_1.0
20_2_1_1_20_1.0
22_2_1_1_65_1.0
23_3_2_1_31_1.0
24_3_2_1_30_1.0
25_3_2_1_39_1.0
26_3_2_1_70_1.0
27_3_2_1_21_1.0
28_3_2_1_28_1.0
30_3_2_1_34_1.0
31_3_2_1_17_1.0
32_3_2_1_22_1.0
33_3_2_1_23_1.0
34_4_2_1_82_1.0
35_4_2_1_56_1.0
36_4_2_1_51_1.0
38_4_2_1_44_1.0
40_4_2_1_71_1.0
42_4_2_1_80_1.0
43_4_2_1_86_1.0
44_4_2_1_18_1.0
47_5_3_2_35_1.0
48_5_3_2_12_1.0
49_5_3_2_58_1.0
50_5_3_2_15_1.0
51_5_3_2_52_1.0
52_5_3_2_29_1.0
53_5_3_2_16_1.0
54_5_3_2_26_1.0
56_6_3_2_46_1.0
57_6_3_2_53_1.0
59_6_3_2_81_1.0
60_6_3_2_9_1.0
61_6_3_2_50_1.0
62_6_3_2_27_1.0
64_6_3_2_36_1.0
65_6_3_2_19_1.0
66_6_3_2_85_1.0
68_7_4_2_40_1.0
69_7_4_2_76_1.0
70_7_4_2_10_1.0
71_7_4_2_55_1.0
72_7_4_2_43_1.0
73_7_4_2_38_1.0
74_7_4_2_57_1.0
75_7_4_2_11_1.0
78_8_4_2_6_1.0
79_8_4_2_45_1.0
80_8_4_2_37_1.0
81_8_4_2_3_1.0
83_8_4_2_49_1.0
84_8_4_2_75_1.0
85_8_4_2_88_1.0
86_8_4_2_32_1.0
87_8_4_2_54_1.0
88_8_4_2_83_1.0
score_s_1_1_1_90.0
score_s_2_1_1_94.0
score_s_3_2_1_95.0
score_s_4_2_1_85.0
score_s_5_3_2_86.0
score_s_6_3_2_94.0
score_s_7_4_2_88.0
score_s_8_4_2_100.0
score_t_1_1_92.0
score_t_2_1_90.0
score_t_3_2_90.0
score_t_4_2_94.0
score_m_1_91.0
score_m_2_92.0
DURACION
5.0
13.0
5.0
13.0
11.0
9.0
7.0
5.0
11.0
3.0
4.0
12.0
3.0
11.0
12.0
10.0
13.0
9.0
8.0
9.0
14.0
4.0
6.0
12.0
9.0
3.0
9.0
8.0
14.0
8.0
7.0
9.0
6.0
5.0
15.0
10.0
14.0
11.0
14.0
4.0
15.0
3.0
3.0
9.0
13.0
10.0
13.0
5.0
13.0
5.0
9.0
7.0
8.0
6.0
11.0
14.0
13.0
15.0
4.0
5.0
12.0
9.0
13.0
9.0
5.0
3.0
14.0
9.0
4.0
5.0
12.0
8.0
14.0
14.0
8.0
14.0
14.0
3.0
11.0
11.0
5.0
13.0
8.0
3.0
5.0
7.0
14.0
4.0
VALOR
9.0
11.0
9.0
14.0
11.0
13.0
9.0
9.0
12.0
9.0
9.0
14.0
9.0
12.0
14.0
15.0
10.0
9.0
9.0
12.0
14.0
9.0
9.0
9.0
9.0
9.0
9.0
9.0
11.0
9.0
9.0
14.0
9.0
9.0
13.0
12.0
11.0
15.0
15.0
9.0
13.0
9.0
9.0
9.0
13.0
12.0
12.0
9.0
15.0
9.0
14.0
9.0
9.0
9.0
9.0
13.0
10.0
10.0
9.0
9.0
15.0
9.0
9.0
11.0
9.0
9.0
9.0
13.0
9.0
9.0
11.0
9.0
14.0
14.0
9.0
9.0
9.0
9.0
10.0
13.0
9.0
11.0
9.0
9.0
9.0
9.0
14.0
9.0
ESTRES
0.09669338656280646
0.11781434071812802
0.07881717156675416
0.10906056166268563
0.19235366660515507
0.19684781950245878
0.08168375870342925
0.15483658659439314
0.15325955951312542
0.16925628491031441
0.051845331421050855
0.16683594172495453
0.08294275568918041
0.00933849314348889
0.1885005305872064
0.08592639530694857
0.09923232170415186
0.05514631394085667
0.19268044287104746
0.07875124295834235
0.09360390081155989
0.09162651520301934
0.1513224207057683
0.06965714173870718
0.025344372087180767
0.14475373520222679
0.1176285570971628
0.1280138375487927
0.14283553080114486
0.03537525486434878
0.1814317105495593
0.15494268636313557
0.13669365250938936
0.15392985310506313
0.019529638591526566
0.13955086904235725
0.10263950313175363
0.004861911167749922
0.11577638878571483
0.13769095129069753
0.17247838261989146
0.1018685007406942
0.16211476833466487
0.10453738210664854
0.09110562130905808
0.006870534708142695
0.0793739237168023
0.11870399413909882
0.1857551141643805
0.06126066252477114
0.136545729544291
0.1516707185628381
0.043839318758524315
0.01865362457499764
0.07223842004546954
0.0027037916507086646
0.04175985012790795
0.051066498544583894
0.41357633901711366
0.4619064234436904
0.4577846077589883
0.4644918223493417
0.43378307045512665
0.4512475456727707
0.4101634937406201
0.40180220403034617
0.4638714757151965
0.4987992453708503
0.4570292865367179
0.4335052867692102
0.4025212687935099
0.4793696175358615
0.46926392624601887
0.4987583171614577
0.43289066318855973
0.41759720835230796
0.494865455969109
0.4781386984646999
0.4747904253378522
0.4535285714796574
0.4188999353088594
0.40494787810640154
0.43121854103753543
0.4751586089572243
0.4534309860330912
0.46025633215755546
0.464280048838134
0.41587066453034505
