Valor Objetivo:731.9900566039097
Runtime:4.456412076950073
Gap:0.0
1_1_1_1_61_1.0
2_1_1_1_29_1.0
3_1_1_1_46_1.0
4_1_1_1_2_1.0
5_1_1_1_24_1.0
6_1_1_1_47_1.0
7_1_1_1_78_1.0
8_1_1_1_83_1.0
9_1_1_1_26_1.0
10_1_1_1_44_1.0
11_1_1_1_84_1.0
12_2_1_1_50_1.0
13_2_1_1_71_1.0
14_2_1_1_18_1.0
15_2_1_1_33_1.0
16_2_1_1_72_1.0
17_2_1_1_40_1.0
18_2_1_1_4_1.0
19_2_1_1_39_1.0
20_2_1_1_16_1.0
21_2_1_1_21_1.0
22_2_1_1_14_1.0
23_3_2_1_74_1.0
24_3_2_1_58_1.0
25_3_2_1_64_1.0
26_3_2_1_17_1.0
27_3_2_1_48_1.0
28_3_2_1_49_1.0
29_3_2_1_88_1.0
30_3_2_1_20_1.0
31_3_2_1_15_1.0
32_3_2_1_45_1.0
34_4_2_1_87_1.0
35_4_2_1_56_1.0
37_4_2_1_32_1.0
38_4_2_1_76_1.0
40_4_2_1_23_1.0
41_4_2_1_62_1.0
42_4_2_1_11_1.0
43_4_2_1_36_1.0
44_4_2_1_8_1.0
45_5_3_2_42_1.0
47_5_3_2_86_1.0
48_5_3_2_25_1.0
49_5_3_2_35_1.0
50_5_3_2_65_1.0
51_5_3_2_19_1.0
52_5_3_2_38_1.0
53_5_3_2_43_1.0
54_5_3_2_69_1.0
55_5_3_2_7_1.0
57_6_3_2_41_1.0
58_6_3_2_68_1.0
59_6_3_2_66_1.0
60_6_3_2_34_1.0
61_6_3_2_37_1.0
62_6_3_2_82_1.0
63_6_3_2_67_1.0
64_6_3_2_59_1.0
65_6_3_2_80_1.0
66_6_3_2_55_1.0
67_7_4_2_52_1.0
68_7_4_2_31_1.0
69_7_4_2_63_1.0
70_7_4_2_54_1.0
71_7_4_2_85_1.0
72_7_4_2_28_1.0
74_7_4_2_51_1.0
75_7_4_2_70_1.0
76_7_4_2_77_1.0
77_7_4_2_30_1.0
78_8_4_2_57_1.0
79_8_4_2_60_1.0
80_8_4_2_79_1.0
81_8_4_2_10_1.0
82_8_4_2_81_1.0
83_8_4_2_73_1.0
84_8_4_2_75_1.0
85_8_4_2_22_1.0
86_8_4_2_53_1.0
88_8_4_2_27_1.0
score_s_1_1_1_113.0
score_s_2_1_1_105.0
score_s_3_2_1_109.0
score_s_4_2_1_101.0
score_s_5_3_2_100.0
score_s_6_3_2_112.0
score_s_7_4_2_111.0
score_s_8_4_2_105.0
score_t_1_1_109.0
score_t_2_1_105.0
score_t_3_2_106.0
score_t_4_2_108.0
score_m_1_107.0
score_m_2_107.0
DURACION
15.0
5.0
14.0
3.0
5.0
9.0
9.0
13.0
4.0
9.0
9.0
10.0
7.0
4.0
6.0
6.0
6.0
3.0
9.0
3.0
4.0
4.0
14.0
11.0
7.0
3.0
9.0
12.0
15.0
5.0
4.0
9.0
12.0
10.0
9.0
15.0
10.0
12.0
10.0
3.0
11.0
3.0
10.0
4.0
8.0
10.0
10.0
4.0
8.0
9.0
5.0
9.0
9.0
14.0
4.0
9.0
15.0
7.0
14.0
12.0
8.0
15.0
6.0
6.0
7.0
12.0
7.0
7.0
9.0
14.0
10.0
4.0
11.0
15.0
14.0
15.0
11.0
6.0
10.0
10.0
3.0
8.0
14.0
11.0
4.0
11.0
15.0
5.0
VALOR
13.0
9.0
11.0
9.0
9.0
11.0
9.0
15.0
9.0
9.0
9.0
15.0
9.0
9.0
9.0
9.0
9.0
9.0
9.0
9.0
9.0
9.0
13.0
15.0
9.0
9.0
9.0
13.0
14.0
9.0
9.0
9.0
11.0
15.0
9.0
11.0
9.0
12.0
9.0
9.0
14.0
9.0
15.0
9.0
9.0
10.0
11.0
9.0
9.0
9.0
9.0
9.0
11.0
15.0
9.0
9.0
11.0
9.0
13.0
14.0
9.0
14.0
9.0
9.0
9.0
15.0
9.0
9.0
11.0
15.0
11.0
9.0
10.0
9.0
14.0
14.0
10.0
9.0
11.0
11.0
9.0
9.0
15.0
12.0
9.0
11.0
14.0
9.0
ESTRES
0.49740277682917977
0.428361707816885
0.47966714228229645
0.43848705301597135
0.4765464886614805
0.45987975839858486
0.42899338599551584
0.4164751682829757
0.46343237852816643
0.4503512598191587
0.4565995304376179
0.4782117555900468
0.48746519324691506
0.4176483735043933
0.43087062985546487
0.45950757340542525
0.47381743396909326
0.4357477112868974
0.40409152605278764
0.41375892450773344
0.43813563932827737
0.4358135466759432
0.46563109133185143
0.41143392919352495
0.445480982864467
0.44870880663959156
0.4269885399640282
0.4498344148178851
0.42345661752136177
0.06840506776788036
0.15473693567455904
0.07050533031948703
0.17685790499774967
0.0508142299422899
0.13511648456664072
0.08540175390804661
0.1318990305247847
0.11614411767035393
0.12726092535533196
0.18905014665471975
0.0007953753475923309
0.13549824512821407
0.10910552089713044
0.11575157261569224
0.1327571480171097
0.03783473655675618
0.13184651107655676
0.10410382743564961
0.049572173842590606
0.10083128220636028
0.007496938816238585
0.15109667592144937
0.07382823870664501
0.03184668164273441
0.05956494240074628
0.12162884443237298
0.18269773748682994
0.06537919446824914
0.17939719073742577
0.09144476938480506
0.007649595795083286
0.0683260561087995
0.117957247865625
0.15489646714874283
0.10829666653820103
0.011961251072298174
0.1879305783964368
0.15794258545554862
0.012583017465394142
0.04676640903287299
0.14980747902479818
0.17111493367366126
0.03291650053902562
0.04091876877346157
0.07201704085587357
0.052978689915025856
0.006198163696351733
0.13186652735500148
0.10923522181950218
0.16662454940982374
0.1492277704175936
0.000121861912055099
0.05421831440143643
0.11352912281848082
0.10700211265142334
0.09476458820522604
0.1087956204874082
0.010185119645529817
