Valor Objetivo:494.4038661406811
Runtime:9.770508289337158
Gap:0.0
3_1_1_1_39_1.0
4_1_1_1_59_1.0
6_1_1_1_68_1.0
7_1_1_1_77_1.0
8_1_1_1_45_1.0
9_1_1_1_34_1.0
10_1_1_1_40_1.0
11_1_1_1_88_1.0
12_2_1_1_71_1.0
14_2_1_1_42_1.0
15_2_1_1_32_1.0
17_2_1_1_86_1.0
18_2_1_1_20_1.0
19_2_1_1_52_1.0
20_2_1_1_29_1.0
21_2_1_1_44_1.0
22_2_1_1_15_1.0
23_3_2_1_58_1.0
24_3_2_1_82_1.0
26_3_2_1_76_1.0
27_3_2_1_84_1.0
28_3_2_1_53_1.0
29_3_2_1_51_1.0
30_3_2_1_65_1.0
31_3_2_1_60_1.0
33_3_2_1_46_1.0
34_4_2_1_33_1.0
35_4_2_1_64_1.0
36_4_2_1_74_1.0
37_4_2_1_56_1.0
38_4_2_1_30_1.0
40_4_2_1_61_1.0
41_4_2_1_49_1.0
43_4_2_1_14_1.0
44_4_2_1_81_1.0
45_5_3_2_57_1.0
46_5_3_2_31_1.0
47_5_3_2_80_1.0
48_5_3_2_35_1.0
49_5_3_2_23_1.0
51_5_3_2_38_1.0
52_5_3_2_25_1.0
54_5_3_2_18_1.0
55_5_3_2_41_1.0
56_6_3_2_62_1.0
58_6_3_2_83_1.0
59_6_3_2_87_1.0
60_6_3_2_78_1.0
61_6_3_2_27_1.0
62_6_3_2_72_1.0
64_6_3_2_70_1.0
65_6_3_2_48_1.0
66_6_3_2_67_1.0
67_7_4_2_36_1.0
68_7_4_2_66_1.0
69_7_4_2_73_1.0
70_7_4_2_55_1.0
71_7_4_2_26_1.0
72_7_4_2_63_1.0
73_7_4_2_79_1.0
75_7_4_2_21_1.0
76_7_4_2_47_1.0
78_8_4_2_85_1.0
79_8_4_2_17_1.0
80_8_4_2_28_1.0
81_8_4_2_54_1.0
82_8_4_2_37_1.0
83_8_4_2_75_1.0
85_8_4_2_43_1.0
87_8_4_2_69_1.0
88_8_4_2_50_1.0
score_s_1_1_1_85.0
score_s_2_1_1_95.0
score_s_3_2_1_86.0
score_s_4_2_1_94.0
score_s_5_3_2_87.0
score_s_6_3_2_95.0
score_s_7_4_2_98.0
score_s_8_4_2_88.0
score_t_1_1_90.0
score_t_2_1_90.0
score_t_3_2_91.0
score_t_4_2_93.0
score_m_1_90.0
score_m_2_92.0
DURACION
11.0
13.0
6.0
8.0
11.0
7.0
11.0
6.0
5.0
9.0
11.0
13.0
10.0
11.0
5.0
13.0
11.0
5.0
6.0
4.0
6.0
4.0
7.0
8.0
14.0
7.0
15.0
7.0
9.0
7.0
9.0
11.0
6.0
8.0
13.0
9.0
7.0
5.0
8.0
12.0
13.0
14.0
4.0
8.0
11.0
6.0
9.0
6.0
5.0
13.0
7.0
4.0
13.0
4.0
12.0
10.0
15.0
7.0
7.0
14.0
5.0
10.0
8.0
9.0
13.0
7.0
9.0
7.0
9.0
12.0
5.0
14.0
9.0
14.0
3.0
11.0
10.0
9.0
3.0
5.0
8.0
9.0
10.0
13.0
12.0
14.0
14.0
11.0
VALOR
13.0
14.0
9.0
9.0
11.0
9.0
12.0
9.0
9.0
14.0
14.0
15.0
9.0
11.0
9.0
11.0
15.0
9.0
9.0
9.0
9.0
9.0
9.0
9.0
9.0
9.0
14.0
9.0
9.0
9.0
9.0
9.0
9.0
9.0
14.0
14.0
9.0
9.0
9.0
10.0
11.0
11.0
9.0
9.0
10.0
9.0
9.0
9.0
9.0
11.0
9.0
9.0
12.0
9.0
14.0
11.0
13.0
9.0
9.0
13.0
9.0
11.0
9.0
14.0
10.0
9.0
9.0
9.0
9.0
15.0
9.0
14.0
9.0
10.0
9.0
15.0
9.0
9.0
9.0
9.0
9.0
9.0
9.0
12.0
13.0
10.0
12.0
9.0
ESTRES
0.4533721773419367
0.4548464419734958
0.4704133548098338
0.404704065879839
0.4860500814325158
0.4024133602116807
0.4497798389100409
0.4657581505505263
0.40557666985693175
0.4766674827577242
0.4265491183081609
0.4121050410792566
0.4907547796056374
0.4124820453079787
0.40292581832929786
0.46075007785648725
0.4344398000618298
0.4225941361782114
0.49599222921163366
0.4259629687637827
0.46327968939806397
0.48590318914823116
0.4111183064855477
0.49946981347779196
0.45585141979785027
0.40943261469902603
0.4214374114864068
0.4582713979945041
0.48055517133711934
0.19343801242951264
0.1369879555526311
0.1917508388574366
0.08820045341765115
0.19244956782877098
0.14021053285015395
0.07736905428032792
0.07425877712976192
0.13138457055910957
0.19438770472522393
0.09065787684401072
0.03028102001765387
0.034629952608798864
0.01531798070595336
0.17314976002042948
0.19637769733681165
0.18611743982350182
0.051766303065251096
0.021733023739922697
0.02181495647776932
0.050288938320936394
0.10689274694487694
0.1841297572092142
0.16044736735377862
0.11785234752320173
0.03351236102882771
0.16970365527728615
0.07497754169069215
0.14462655351970644
0.1329170313050586
0.10586679841950819
0.048839375381909966
0.08504357107693594
0.021871064782481353
0.030252334310176043
0.1822835343802568
0.16452823084463963
0.15207592239849177
0.19088273117999988
0.029156475334736198
0.11894016097766491
0.04697768256109258
0.09386358785308058
0.13240374635727314
0.12403168288445021
0.10460695683950905
0.18875012884230002
0.07990651734612875
0.03596063527050597
0.1454505327612352
0.1394800288071324
0.1614059695890846
0.15845105618167354
0.1960254238600404
0.00577511416392118
0.13546527854502766
0.09172779643701523
0.16951717993884152
0.09591613866722382
