Valor Objetivo:603.8088726287655
Runtime:5.785975933074951
Gap:0.0
1_1_1_1_37_1.0
2_1_1_1_62_1.0
3_1_1_1_17_1.0
4_1_1_1_48_1.0
5_1_1_1_74_1.0
6_1_1_1_72_1.0
7_1_1_1_51_1.0
8_1_1_1_77_1.0
9_1_1_1_45_1.0
10_1_1_1_87_1.0
11_1_1_1_44_1.0
13_2_1_1_68_1.0
14_2_1_1_85_1.0
15_2_1_1_40_1.0
17_2_1_1_22_1.0
18_2_1_1_71_1.0
19_2_1_1_60_1.0
20_2_1_1_27_1.0
21_2_1_1_52_1.0
22_2_1_1_69_1.0
23_3_2_1_42_1.0
24_3_2_1_84_1.0
25_3_2_1_12_1.0
27_3_2_1_59_1.0
28_3_2_1_64_1.0
29_3_2_1_20_1.0
31_3_2_1_55_1.0
32_3_2_1_31_1.0
33_3_2_1_56_1.0
34_4_2_1_7_1.0
36_4_2_1_21_1.0
37_4_2_1_75_1.0
38_4_2_1_58_1.0
39_4_2_1_80_1.0
40_4_2_1_25_1.0
41_4_2_1_76_1.0
42_4_2_1_15_1.0
43_4_2_1_88_1.0
45_5_3_2_61_1.0
46_5_3_2_14_1.0
47_5_3_2_67_1.0
48_5_3_2_30_1.0
49_5_3_2_54_1.0
50_5_3_2_79_1.0
51_5_3_2_26_1.0
53_5_3_2_38_1.0
54_5_3_2_35_1.0
56_6_3_2_47_1.0
57_6_3_2_33_1.0
58_6_3_2_73_1.0
59_6_3_2_66_1.0
60_6_3_2_28_1.0
61_6_3_2_32_1.0
62_6_3_2_63_1.0
64_6_3_2_34_1.0
65_6_3_2_3_1.0
66_6_3_2_82_1.0
67_7_4_2_41_1.0
68_7_4_2_70_1.0
69_7_4_2_43_1.0
70_7_4_2_57_1.0
72_7_4_2_81_1.0
73_7_4_2_36_1.0
75_7_4_2_50_1.0
76_7_4_2_39_1.0
77_7_4_2_24_1.0
78_8_4_2_78_1.0
79_8_4_2_46_1.0
80_8_4_2_65_1.0
81_8_4_2_86_1.0
82_8_4_2_53_1.0
83_8_4_2_6_1.0
84_8_4_2_49_1.0
86_8_4_2_83_1.0
88_8_4_2_29_1.0
score_s_1_1_1_105.0
score_s_2_1_1_85.0
score_s_3_2_1_85.0
score_s_4_2_1_89.0
score_s_5_3_2_86.0
score_s_6_3_2_98.0
score_s_7_4_2_88.0
score_s_8_4_2_88.0
score_t_1_1_95.0
score_t_2_1_87.0
score_t_3_2_92.0
score_t_4_2_88.0
score_m_1_91.0
score_m_2_90.0
DURACION
6.0
7.0
4.0
12.0
5.0
6.0
5.0
9.0
10.0
6.0
6.0
12.0
12.0
7.0
6.0
13.0
3.0
10.0
7.0
4.0
15.0
8.0
9.0
5.0
4.0
13.0
5.0
9.0
4.0
15.0
7.0
11.0
8.0
3.0
14.0
4.0
13.0
8.0
9.0
4.0
5.0
4.0
7.0
14.0
11.0
3.0
6.0
9.0
9.0
12.0
3.0
15.0
7.0
5.0
15.0
11.0
9.0
8.0
6.0
3.0
9.0
10.0
15.0
15.0
3.0
10.0
6.0
11.0
5.0
11.0
12.0
11.0
7.0
13.0
12.0
9.0
3.0
7.0
9.0
9.0
12.0
9.0
3.0
8.0
15.0
13.0
14.0
3.0
VALOR
9.0
9.0
9.0
10.0
9.0
9.0
9.0
9.0
14.0
9.0
9.0
13.0
11.0
9.0
9.0
13.0
9.0
11.0
9.0
9.0
9.0
9.0
9.0
9.0
9.0
10.0
9.0
9.0
9.0
9.0
9.0
13.0
9.0
9.0
10.0
9.0
11.0
9.0
15.0
9.0
9.0
9.0
9.0
9.0
9.0
9.0
9.0
9.0
9.0
14.0
9.0
12.0
9.0
9.0
10.0
9.0
9.0
9.0
9.0
9.0
12.0
10.0
12.0
9.0
9.0
13.0
9.0
9.0
9.0
10.0
10.0
10.0
9.0
9.0
13.0
10.0
9.0
9.0
10.0
9.0
13.0
9.0
9.0
9.0
12.0
11.0
9.0
9.0
ESTRES
0.4864713878946637
0.42960564878828755
0.40199720872987665
0.46033337111579276
0.47245619385391857
0.42797884708659806
0.43714823947754333
0.45558684056257903
0.45621412256352434
0.47836218773162276
0.47562762595088015
0.42953379215730103
0.49696923250568525
0.44448340182946944
0.42299367424850043
0.49837069154418645
0.4309859680869159
0.47879690551826004
0.4925009453153242
0.4389952576000967
0.42295765017725695
0.4593005718476778
0.4823321998783021
0.47557508605300847
0.41533556527598103
0.459133950293901
0.4265866200680052
0.4649613509126652
0.47215417145931105
0.09036518050943154
0.06461341165536938
0.08684377560598533
0.09923757007086187
0.0015419081107259647
0.18438317730322018
0.1349375090038457
0.160951162693043
0.14799221747482016
0.0981765576954533
0.1729167025348789
0.1563231619354456
0.10364008412128156
0.186408696640316
0.1524019594133944
0.08234684803686187
0.10928415931514235
0.053123171689941406
0.04535221185587157
0.13297479258114298
0.025239253759497204
0.18151614552510587
0.007831842106929776
0.10628016608049773
0.10814234667873779
0.1540045685240704
0.12489866952857231
0.05115802743928921
0.1342468685730619
0.1852494135353271
0.1557897562131908
0.07393660562380622
0.15568384776080035
0.094117523189574
0.10598453729766533
0.10807900314570595
0.17663286315337978
0.16885437220950916
0.04089912423593034
0.12819018314251585
0.07490686068891994
0.09701859726927975
0.1761143953591846
0.12443671742761508
0.18679064983475946
0.023175552888571538
0.1898406197884731
0.12464410016043881
0.14740785987949767
0.042618377089154835
0.11572355199072348
0.06246401024734438
0.09192270519286805
0.029208885820985575
0.19003100691918007
0.1585403583083661
0.05076928167933181
0.18035635791562032
0.1584739926623563
